data/affinities_sno_1000.asc
NCOLS 100 
NROWS 165 
XLLCORNER -12850 
YLLCORNER 6498250 
CELLSIZE 1000 
NODATA_value -9999 
[rows 126 to 146 of 165, columns 46 to 91 of 100]
0.0192301240416418 0.230913662388921 0.153009520331398 0.128212684923783 0.220315154902637 0.240936210285872 0.162241917103529 0.302246989756823 0.298731866087764 0.229200618918985 0.295019692033529 0.304618017375469 0.309301261752844 0.270177640393376 0.1115691371914 0.187282677982002 0.0777597790583968 0.231399434022605 0.350309696123004 0.317801875844598 0.285830786451697 0.157605934236199 0.173451374601573 0.120054553775117 0.153252245234326 0.132658061766997 0.0119137406948721 0.114745001936099 0.142028237232007 0.085569031923078 0.0947927836119197 0.0148094301429228 0.0219912647173624 0.0151247341643466 0.000653259290775168 0.00362816525856033 0.0129193227842916 0.0280910400114954 0.0704828449524939 0.220875204186887 0.184677111171186 0.0845296582393348 0.12294543556869 0.122003945820034 0.120963908396661 0.177668006718159
0.0537037695932668 0.247698038201779 0.134755045045167 0.135973930610344 0.191767927203327 0.189169984157197 0.244263033084571 0.287183019146323 0.256362854801118 0.253442236408591 0.350342966895551 0.303215898517519 0.322175722792745 0.311276751160622 0.136788549339399 0.283719986751676 0.285248905420303 0.374674983993173 0.323816717751324 0.264824858903885 0.268764463700354 0.221828203089535 0.215597667470574 0.233730891384184 0.201866633798927 0.197414433993399 0.0269642233112245 0.0966704262362327 0.209290222972631 0.193335692882538 0.124084391910583 0.0393797008693218 0.0375399021571502 0.0225656792477821 0.00461044977302663 0.0379699543584138 0.0656726744398475 0.162939514266327 0.0542689477652311 0.130451533674495 0.149060869673267 0.154381484184414 0.12807283250615 0.117693254258484 0.165297565162182 0.181414497941732
0.088108590207994 0.23854817032814 0.0792084661871195 0.0382664965093136 0.112377572366968 0.228428795486689 0.275075737163424 0.296506887301803 0.295395112037659 0.210950728356838 0.239405787810683 0.2561064363271 0.351297099962831 0.200073863938451 0.219238284546882 0.339315224885941 0.345468465089798 0.343102269954979 0.397958431914449 0.344135935530066 0.279605404287577 0.217153904773295 0.155865433858708 0.121162987223361 0.108942002421245 0.220305945910513 0.0149600295523123 0.0858777581769391 0.291304027643055 0.278622162025422 0.0514581641927361 0.0412899262164137 0.0115431395336054 0.0525677697639912 0.0585761886532418 0.03029345509829 0.261165476618335 0.365464157611132 0.222657203981653 0.0948289833613671 0.0545128876669332 0.183252796893939 0.297264286391437 0.173842065520585 0.298462787568569 0.282558185122907
0.0134952140488895 0.0663169127888978 0.0790604026743676 0.161947598904371 0.143068938339129 0.245911598578095 0.273182781636715 0.256229324638844 0.131989634959027 0.206362612955272 0.24016335895285 0.247589677646756 0.230427789650857 0.200758454753086 0.239837586525828 0.311989237293601 0.384216462448239 0.240398296695203 0.379120258390903 0.354779549315572 0.317243665903807 0.202625842615962 0.248396756472066 0.156840721284971 0.096385368546471 0.245628312295303 0.0158070971397683 0.129474611052428 0.32972587749362 0.328892542086542 0.0463642052921932 0.00489056104815973 0.11236422636779 0.20763793386519 0.251397130824626 0.0194528529501986 0.0935274875536561 0.330710823200643 0.393922127857804 0.418149857521057 0.247016408862546 0.0301121177803725 0.110148242944852 0.233123856987804 0.357280136346817 0.177267998084426
0.0828812182508409 0.233231807984412 0.200558124929667 0.220318709891289 0.141771016488783 0.185648386850953 0.21986899510026 0.106854996760376 0.120001047477126 0.262607751563191 0.316063121110201 0.254334809929132 0.268978658020496 0.243829819411039 0.159725954965688 0.379745184853673 0.356603919938207 0.356494481489062 0.343721365705133 0.361599120888859 0.307847268953919 0.372905900403857 0.194580750903115 0.274302999377251 0.265767506342381 0.163445616951212 0.0696844159380998 0.120381396014709 0.306419816464186 0.184135820316151 0.0783707390868221 0.0120482871524291 0.128354892927455 0.14806388742174 0.147864231630228 0.0467477310693357 0.0417789102974348 0.293173016645014 0.330553555190563 0.365518286637962 0.313511551320553 0.253576128967106 0.0638096923287958 0.0988942167628556 0.265967189408839 0.24652654837817
0.0307770535885356 0.103410662215902 0.10222104580258 0.0996778655517846 0.111400527455844 0.120808011796325 0.0750192757719196 0.062482499491889 0.147884608451277 0.228464247733355 0.24104300590232 0.27172248378396 0.181783906519413 0.229792360346764 0.304689968638122 0.27366273349151 0.398705726787448 0.348242328986526 0.427683823183179 0.382957754358649 0.393603455498815 0.205355421230197 0.302497909665108 0.407841657474637 0.321137751601636 0.150356246624142 0.174092905496364 0.196363022956066 0.360352182500064 0.260800084178336 0.0579348754155217 0.0132487015576044 0.221238631235901 0.244509387984872 0.347696442492306 0.351222889833152 0.0303800087119453 0.273592379521579 0.301820018403232 0.115170198455453 0.318815138712525 0.320963354296982 0.162114097764716 0.0727549007721245 0.226955390349031 0.160487716197968
0.0310732680372894 0.015463790493086 0.0185004354501143 0.00653136897541117 0.0113274362130323 0.00838469682523282 0.00153606942963961 0.0279605110637203 0.126873855544254 0.181097167059779 0.198528108969331 0.248915213420987 0.151202709041536 0.277505788765848 0.327462390102446 0.366427468881011 0.404966053590179 0.446752350479364 0.251984890848398 0.429791639894247 0.366512161120772 0.358601285330951 0.279766472056508 0.402231047153473 0.340299231782556 0.233568240180612 0.194342313213274 0.187479117589537 0.342730202712119 0.189305930566043 0.0329575315435068 0.0559468442335492 0.343021919839084 0.376400341764092 0.286442603096366 0.346549098417163 0.125908952997997 0.119259281037375 0.159010579697788 0.209374893307686 0.342603611201048 0.270846914239228 0.11789404460229 0.091900031035766 0.139637512527406 0.0556186139956117
0.0120548359642271 0.0431037403852679 0.0788618242554367 0.16043964614626 0.144557054806501 0.179216332407668 0.12226531339722 0.0132045904949337 0.112002881621011 0.146324010621756 0.211163261160254 0.123148723701015 0.208014092631638 0.353704807236791 0.346386993974447 0.276054874565452 0.321304677501321 0.40893064007163 0.269828075300902 0.302473087850958 0.355881453827024 0.287072944045067 0.185857130736113 0.253722387440503 0.195463233487681 0.27536348849535 0.168656331092352 0.157854545610026 0.343186817802489 0.110960833029822 0.0193269925535424 0.0762029242978315 0.278087560823187 0.318339434191585 0.332520429808646 0.347474779114127 0.273563913162798 0.0222993816481903 0.105845475532114 0.313544081114233 0.342826939038932 0.183663915097713 0.182504459619522 0.224471177086234 0.278359969570301 0.0891306107863784
0.0249155803193571 0.123729903106578 0.133522692015395 0.174428305421025 0.219110066108406 0.201907964758575 0.193305533081293 0.16668962441152 0.190854055974633 0.188455837350339 0.205122074261308 0.217121077850461 0.319458610787988 0.293393955286592 0.294068769849837 0.3416169369407 0.420409166757017 0.352054603416473 0.361854699701071 0.368569730818272 0.402313471436501 0.338933609202504 0.329560234285891 0.204383997749537 0.0832296799914911 0.0709609722637106 0.0712069889070699 0.0866119732824154 0.295421719923615 0.107897422392271 0.0223666441149544 0.0541726394859143 0.207345835822634 0.422807213682681 0.311000439487398 0.352222281768918 0.13090956736356 0.0450755333248526 0.060270343166776 0.329272434972227 0.294362866356969 0.118072030181065 0.0864947643596679 0.197905459925532 0.29418109703809 0.218864770848304
0.054201523414813 0.104072247655131 0.136921632774174 0.155880506113172 0.191075153816491 0.167543278485537 0.169446167908609 0.224197505414486 0.223591593001038 0.0955470093898475 0.16296587407589 0.231085646040738 0.254361618626863 0.306445241756737 0.364848257899284 0.319284542705864 0.422165595702827 0.289633345641196 0.374086192697287 0.211722736414522 0.361067511364818 0.36596002869308 0.386536805182695 0.280081970812753 0.365474791824818 0.37222865447402 0.103733283341571 0.0723181377991568 0.117212617737241 0.00978496922286467 0.0104923165629589 0.12944603712298 0.377378394678235 0.409475409239531 0.279080416709185 0.288385629579425 0.324401547163725 0.12177433863515 0.0382156772085 0.175555890230462 0.344880412220955 0.0914289850764908 0.0407766383886337 0.132172423377633 0.121315685231239 0.109243820700794
0.108180043352768 0.0786497855233029 0.249940540939569 0.310517635717988 0.247029291465878 0.244161141291261 0.173783780522645 0.164408865142614 0.250183403361589 0.143574222344905 0.23566258661449 0.269324876852334 0.313580007068813 0.30794681597501 0.346477173641324 0.330084482245147 0.289441339541227 0.397516800537705 0.361399406716228 0.332528041601181 0.360797306671739 0.31258642507717 0.329558562021703 0.205915041966364 0.430000874698162 0.376482570022345 0.0956394370959606 0.134347975342534 0.0745915250194957 0.00369209438067628 0.0492078214598587 0.0661300801776815 0.0846319877848146 0.196829287940636 0.296935192160308 0.400954527705908 0.407362126708031 0.154530380857177 0.06035289177089 0.0324303369101835 0.12800537376781 0.0496155552042183 0.133496301136911 0.10335200605914 0.0521751985454466 0.123468277789652
0.190263429563493 0.13821676957421 0.264799305442721 0.285323607218452 0.269766076132655 0.236129327220842 0.211655356884003 0.235142485201359 0.264276096373796 0.241360243018717 0.212957029119134 0.258516734465957 0.246637027040124 0.213134572319686 0.351728604882956 0.335637659654021 0.351771540371701 0.286172483721748 0.358571464307606 0.298952728956938 0.300382515862584 0.394753419831395 0.20919329344295 0.23402596171014 0.367214411757886 0.364706939160824 0.0871561900246888 0.146491402690299 0.0507164544338593 0.0205884718152811 0.138315284131095 0.29472268935293 0.241477365042083 0.125034168998245 0.136783513682894 0.220742320455611 0.225778579581529 0.0988346771756187 0.0343192536733113 0.0865361860534176 0.0351952792843804 0.0367773142037913 0.160970392748713 0.117052173875272 0.0262007023114711 0.20203471831046
0.183257167357951 0.220775522664189 0.292472870089114 0.309618081077933 0.221804853565991 0.231861589588225 0.27821601672098 0.223132494203746 0.259901686049998 0.267554690055549 0.172459606770426 0.303380398675799 0.261010951064527 0.390451692193747 0.321328252740204 0.265753087941557 0.326045424342155 0.284637573957443 0.400812248103321 0.325852296836674 0.35821320310235 0.269266565060243 0.167457239702344 0.371380818858743 0.382826933562756 0.174942459887825 0.0647710898495279 0.134723475740757 0.0131494822024251 0.131159006219095 0.282228551022708 0.279372350201011 0.22896794885397 0.31946108834818 0.268848267011344 0.330673532187939 0.176849289387465 0.0654299734998494 0.007584899829817 0.0407460735621862 0.0487041196227074 0.0976400842005387 0.107073959130794 0.0776226772996597 0.0480955424276181 0.192847483279183
0.159031492238864 0.320595661476254 0.295087494403124 0.29638001665473 0.292867645714432 0.263823283482343 0.325338101238012 0.246355273537338 0.326509926393628 0.284746929146349 0.21324353095144 0.230810683891177 0.119414910133928 0.243848061598837 0.310314278937876 0.349325218014419 0.395191817134619 0.377451496571302 0.377365878745913 0.318230617903173 0.267800062634051 0.179001696985215 0.22303705166094 0.285969622563571 0.258662590533495 0.0231777392956428 0.00844008033396676 0.076609354254033 0.00675359302942525 0.0661557253166393 0.331128153949976 0.322068616002798 0.300833445750177 0.123813093937933 0.235334667349234 0.299211455024779 0.183078105263412 0.180367463952862 0.0208434439654229 0.0142200104461517 0.140517799528316 0.176839455142617 0.0888934072759002 0.03644740476273 0.114970214180648 0.229538349206559
0.346931503340602 0.266142930611968 0.28588755344972 0.335807248689234 0.281684285253286 0.230607326291502 0.262724395990372 0.302045891880989 0.346296802721918 0.25465403219685 0.106013566087931 0.200783539060503 0.277867075372487 0.256910651139915 0.286184682119638 0.311874952353537 0.383810628205538 0.215535283815116 0.266629064939916 0.210458152042702 0.263671743571758 0.136691415132955 0.235155531354249 0.281455223467201 0.263268005978316 0.00443099860982329 0.000788399116281653 0.00301422145221295 0.0358921394025674 0.0323405153215572 0.176587323090062 0.269434083243832 0.109744893582538 0.136264227367938 0.119346767682582 0.149921261314303 0.12614368006587 0.176594864591025 0.108860954606207 0.021525065167807 0.148464231947437 0.154835450612009 0.027349373549805 0.0550083679822274 0.12959509969689 0.269085748698562
0.17388916566968 0.283551733642817 0.366443042121828 0.318579446580261 0.294884405117482 0.190788637492806 0.297128219297156 0.297818352747709 0.348474929109216 0.305938235409558 0.157095415368676 0.307384452596307 0.368879109881818 0.136851944122463 0.321040832372382 0.329136677160859 0.281550678890198 0.210324106402695 0.234151363670826 0.287056825272739 0.141374491555616 0.0771997629385442 0.266332167871296 0.266825124220923 0.260044587161392 0.0379625179772847 0.00400636871723691 0.0369208500552486 0.100905747693032 0.109654865935445 0.0586048712022603 0.0357936414331198 0.029123525689356 0.138915031906217 0.15013596188277 0.105284130815417 0.0882224926631898 0.150953221023083 0.0416628808980749 0.0140635496698087 0.100755398869514 0.0920555589720607 0.0246697605994996 0.124928304925561 0.154550198800862 0.161315275561064
0.309036534912884 0.166905564088374 0.279098670464009 0.160268064811826 0.309526600688696 0.317685637287796 0.305194587297738 0.291050078570843 0.323198234699667 0.203804149795324 0.235223839767277 0.349127673879266 0.26177747996524 0.363209481015801 0.266150153335184 0.316487233452499 0.200468272324651 0.283335060011595 0.201309410165995 0.230900592636317 0.0400078941695392 0.202015462182462 0.239099160991609 0.223896376732737 0.157253520464292 0.0126421244947778 0.00755533440824365 0.0698876154440222 0.183986067138612 0.230729349385947 0.165633668061346 0.0900192559836432 0.0444788422062993 0.0430685250990791 0.0370438541728072 0.101536249667406 0.11535028972663 0.11030085042119 0.0564338036109984 0.0137564611632843 0.0789582947781309 0.0720450721122324 0.0432100132585038 0.141493975929916 0.118231169637293 0.101296328965109
0.244683861730155 0.035602161535644 0.302892625164241 0.223015574561432 0.220407402552664 0.254816841781139 0.276112381927669 0.220544747663662 0.258696098960936 0.232290883753449 0.160725506264716 0.200633991342038 0.279438095837832 0.361878983452916 0.292497140653431 0.244230233579874 0.261359968930483 0.228862865455449 0.142983747022226 0.169342622472905 0.120693152169697 0.228451054929756 0.236946110622957 0.296210791021585 0.219710620641708 0.0085609048832157 0.0161618770274072 0.108736816309392 0.159621596131474 0.185160949788988 0.199631072189659 0.168011089302599 0.0576743942894973 0.0201980716982507 0.0344518450438045 0.0130788382649189 0.102174661234021 0.114086860213429 0.103143671602011 0.0373433333530556 0.0410165300412336 0.0227469060570002 0.124882694799453 0.133593506403267 0.0858467001095414 0.0810862018913031
0.0139995258262206 0.170707879172405 0.304898058585823 0.243084885117132 0.0268790478928713 0.199814174436033 0.206687451228499 0.160124476775527 0.201207755301148 0.240638835020363 0.175745014287531 0.184483373947442 0.309326494261622 0.220231778519228 0.141243030000478 0.226108950488269 0.149129630355164 0.289355817250907 0.0891054534818977 0.104836838019546 0.0183183460793225 0.0760944449470844 0.0419254954729695 0.125201172705274 0.0924307301361114 0.00820794297556859 0.0635052235308103 0.0861688868422061 0.114081308692694 0.220759194903076 0.088476807102561 0.158024877114221 0.0529465742991306 0.0885000664554536 0.0575436828192323 0.0356142012332566 0.119533705208451 0.0940750414319336 0.112863349914551 0.0618073873827234 0.010052513059054 0.00442170244554291 0.0605634068057407 0.0535588942654431 0.0109142436541151 0.0682238668203354
0.0242801949116983 0.230386514747515 0.134305843519978 0.0717647757777013 0.119227822951507 0.213401416242123 0.101574957799166 0.0845856232068036 0.136295896293595 0.119786401446909 0.119968360848725 0.133886213917285 0.15327544156462 0.175483842305839 0.223579048626125 0.263495092261583 0.24415427710861 0.198240947257727 0.184624119848013 0.154345250349143 0.0134088504267856 0.0309853558777832 0.0314446148177376 0.0398937580885831 0.0583692883467302 0.0112749458447797 0.155715016070753 0.0879159608110786 0.0946025476977229 0.240409819334745 0.0932623580656946 0.0740641522128135 0.0226706261816435 0.0563276735437103 0.0118626619047427 0.0371983680559788 0.0908468909934163 0.0885498100705445 0.101144442725927 0.0919909135997295 0.0333612246462144 0.00809695186639146 0.00391271158121526 0.03194543131307 0.0589353038568515 0.0483899666124489
0.0769897718727589 0.142813117438927 0.024080691752024 0.0645308945234865 0.0982377616781741 0.0894359668064862 0.0788846886437386 0.00925322307652095 0.0555187659605872 0.13467298689764 0.0641782940842677 0.200735285477713 0.293132521212101 0.212390150092542 0.364341281652451 0.248814131934196 0.304684372730553 0.134432469848543 0.185899050794542 0.156393422768451 0.0669876487378497 0.185855363514274 0.131200508793117 0.0350216589699267 0.0263518936802575 0.0221532593411393 0.0859934974554926 0.0792550827935338 0.0659719374100678 0.0775902143435087 0.0446930811868515 0.0132626342769072 0.0137485245836433 0.0157511468708981 0.0224144416049239 0.0391514431725955 0.0825753103662282 0.0823043046984822 0.109410186903551 0.110944305323064 0.0771796264965087 0.0284001761930995 0.0178382704081014 0.012033136387181 0.0229091483215598 0.07358975981595
