data/affinities_sno_1000.asc
NCOLS 100 
NROWS 165 
XLLCORNER -12850 
YLLCORNER 6498250 
CELLSIZE 1000 
NODATA_value -9999 
[rows 105 to 125 of 165, columns 46 to 91 of 100]
0.000126816118842328 0.0012849589806558 0.00246275925921509 0.00246858612266806 0.00639788916421821 0.00656480566147366 0.0129379827294906 0.0439555375475902 0.0608716102177277 0.0822195077501237 0.208041501473635 0.315191241726279 0.332910408973694 0.25065534029156 0.324940837323666 0.329844502154738 0.414063524529338 0.411546657830477 0.377324646860361 0.420472510010004 0.251682409849018 0.158044432140887 0.297099454570562 0.282846850100905 0.237067175414413 0.42437856093049 0.430487362593412 0.346678877770901 0.328556004017591 0.494327439367771 0.46043623059988 0.471920682489872 0.490377172231674 0.36185688931495 0.103831042628735 0.151813619527966 0.177464944310486 0.276921015121043 0.322847687285393 0.312408124879003 0.285700108259916 0.271171186156571 0.318541765287518 0.186601614654064 0.0935858366684988 0.0261115087513997
0.00226481629068076 0.00389074565522606 0.00315873503714101 0.00692297653935384 0.0156979467248311 0.0172623367991764 0.0430948247062042 0.0938814863469452 0.196266068071127 0.169893616200425 0.277645014487207 0.29021131798625 0.355791941899806 0.295578693635762 0.416982978880405 0.301268594227731 0.49115026473999 0.391106797233224 0.418444070369005 0.341949185431004 0.406861266717315 0.415834936499596 0.332215657383204 0.323464465388097 0.198174998192117 0.365854424573481 0.355892728641629 0.273245833031833 0.31880403758958 0.46189777597785 0.311222900096327 0.472845599353313 0.491252817511559 0.345215550996363 0.0852638827171177 0.186493674982339 0.200933359451592 0.184460083022714 0.203438720535487 0.318817332088947 0.31137658983469 0.212519475407898 0.289759476408362 0.155589872486889 0.160321744773537 0.0580869070795597
0.000636619265324043 0.000965792315892031 0.00162581042488455 0.0021286075997341 0.0120962133523426 0.044372616391629 0.0467972409911454 0.0679705434665084 0.153041355405003 0.103906645793468 0.296894722767174 0.218686348646879 0.350911299362779 0.318271488696337 0.373617111220956 0.32106502506882 0.393760115578771 0.312731415852904 0.417928376272321 0.398643250614405 0.309667067341507 0.41694032728672 0.297564854808152 0.136974212778732 0.1121264258679 0.24770317055285 0.259954179599881 0.292974366946146 0.258518255576491 0.421494940593839 0.423810808882117 0.387096065208316 0.450940455496311 0.26391410568729 0.317512150034308 0.146369352126494 0.213526621600613 0.14371460173279 0.153388316109776 0.201941598989069 0.166597267054021 0.245412142202258 0.181825914904475 0.108624102324247 0.0769281169748865 0.0249189092951747
0.00474714874202618 0.009235269073979 0.00805086108746764 0.00176411913911579 0.0183535846043378 0.0483655086532235 0.0884130382537842 0.118110464867204 0.15064115498215 0.228698669485748 0.227803515233099 0.311861961875111 0.353783566579223 0.295416118465364 0.365392265245318 0.393338797744364 0.381500843912363 0.365107228476554 0.310923591535538 0.372010682523251 0.3566737947613 0.321391903460026 0.357227325187996 0.428240814134479 0.318899581022561 0.288129337355495 0.383134668916464 0.256878800746053 0.204593825172633 0.357213570512831 0.25944367418997 0.297308700494468 0.431935960799456 0.441455100625753 0.29479231312871 0.188772582598031 0.104594854656607 0.132921032980084 0.178308065086603 0.249111865982413 0.2337386999093 0.0896685350406915 0.0858396642608568 0.103904757294804 0.045404780904646 0.00370550097637533
0.00577287697931752 0.0114710140542593 0.0122148527251557 0.00966138652642257 0.032956154840067 0.0292827902175486 0.0506869582203217 0.0828493147529662 0.137501157326624 0.0586569776781835 0.0787413398502395 0.218733710255474 0.233965081758797 0.342407781630754 0.336832256242633 0.291061932519078 0.254613761622459 0.260540560660884 0.246493810079992 0.284337210655212 0.224986122716218 0.286142418961972 0.29540730276145 0.356019854098558 0.19647229344584 0.242721974756569 0.198041640939191 0.243175126779825 0.0951720007974654 0.272760149538517 0.267570838015527 0.328516736850142 0.381137543469667 0.468100911229849 0.359214474149048 0.230556932939217 0.129642570912838 0.124622213896364 0.279821548871696 0.226289824657142 0.306233358308673 0.104908896461129 0.212066639810801 0.148803044753149 0.0994961190037429 0.0158776176800711
0.0129425905679818 0.0111428891681135 0.0419093323918059 0.0373980984278023 0.0525701220496558 0.0859250143636018 0.0811197617370635 0.130029955357313 0.136421568626538 0.0738776817684993 0.0656246870849281 0.0956939563993365 0.318822827637196 0.373268111869693 0.357395367398858 0.381374453306198 0.32142173230648 0.198460792191327 0.231202074233443 0.31878687389195 0.348039968907833 0.36199045047164 0.344177768845111 0.303784596920013 0.0625551634375006 0.287195576354861 0.320863798595965 0.292760672233999 0.15758956162259 0.318660498782992 0.312193176150322 0.352907052338123 0.255046519301832 0.255309039391577 0.113672439642251 0.0598460688535124 0.110524367280304 0.168158617652953 0.282399573847651 0.36054580539465 0.279867983255535 0.115805434575304 0.137372428830713 0.249539780542254 0.181532245483249 0.0306771187810227
0.0209343609702773 0.0354868769808672 0.04321318292059 0.0705103672295809 0.072988960579969 0.0887424883851781 0.160600613001734 0.166661696992815 0.191215670406818 0.21232914917171 0.0490875229332596 0.115031840261072 0.344850907810032 0.427433613464236 0.385073987543583 0.400604004710913 0.405722244307399 0.355711179971695 0.292261278629303 0.245059991590679 0.304047217853367 0.344294518455863 0.357487940974534 0.385242358669639 0.202914221100509 0.236862010015175 0.273384574949741 0.112242040084675 0.206668866891414 0.205687822811306 0.210426321215928 0.167173330183141 0.173876063143834 0.205753963105381 0.106591089735739 0.0554560925718397 0.0942728170566261 0.191619519554079 0.187062055319548 0.15911899253726 0.182255932278931 0.110225482005626 0.0846411064546555 0.135836161980405 0.0769955973792821 0.0675512371771038
0.0314114750921726 0.0649656115099788 0.0902607754990458 0.0311276872258168 0.0879903425648808 0.15101742643863 0.173450694605708 0.167442196570337 0.148161125741899 0.0820114681776613 0.0359527582628652 0.176243491005152 0.262110621072352 0.391713424995542 0.377293120026588 0.325634845718741 0.365351482927799 0.298549882881343 0.318111030161381 0.323707094416022 0.199883356634527 0.247920424491167 0.220532698333263 0.30833627557382 0.265992763824761 0.128747776597738 0.131291377712041 0.101716108415276 0.186804088875651 0.126480512470007 0.13800620703958 0.128154771011323 0.0741918874531984 0.0981579943047836 0.0286845072905999 0.0635038498230279 0.0707106738910079 0.068491860665381 0.167015840243548 0.207950386106968 0.255092984735966 0.141311682892265 0.0897644419578137 0.0534394499287009 0.0390912705752999 0.0832356915529817
0.070875819446519 0.0876426940970123 0.157979934699833 0.0499477637978271 0.132305048238486 0.179701859150082 0.158772823354229 0.167985339947045 0.197940287822857 0.0924263339582831 0.115009766458534 0.406188430190086 0.332272489108145 0.249224068000913 0.269686304163188 0.348508529961109 0.242899550832808 0.209633789826185 0.248573886714876 0.203404585141689 0.192628412265331 0.14623365345411 0.318207390084863 0.31344097841531 0.216173803796992 0.0885882571898401 0.0417943960474804 0.153371484512463 0.194293129071593 0.146881541050971 0.0960795203223825 0.0530632873205468 0.0407643747003749 0.0459990984597243 0.012400207760511 0.0306991243793163 0.0465558712184429 0.0986555513180792 0.165407440867275 0.165930500365794 0.158237513378263 0.197405087500811 0.128097493359819 0.0417002674296964 0.0583154638297856 0.0948108985647559
0.184667447032407 0.17372233197093 0.157972348909825 0.161917505953461 0.228808784168214 0.195363668110222 0.19022427033633 0.181388513911515 0.0759525310620666 0.135565180317499 0.300690905600786 0.294851595833898 0.319549015797675 0.263303727749735 0.286812084577978 0.312112627606839 0.296436952389777 0.232912573516369 0.239501317627728 0.136073215603828 0.232375551350415 0.113556512715295 0.237891464829445 0.183939999882132 0.150231520775706 0.0747851564013399 0.0309098058030941 0.0784617623407394 0.101621443331242 0.0741796085238457 0.0697797797806561 0.042583315288648 0.0359527466678992 0.0558289859630167 0.0178302452428034 0.037267881865846 0.0433096559066325 0.0587965393066406 0.0788433293439448 0.197701846323907 0.141672974824905 0.168542446475476 0.129069724734873 0.0625228034658357 0.0585329703893512 0.0905789169669151
0.181079226359725 0.209936217963696 0.200336946453899 0.211102448701859 0.22260118059814 0.184353803275153 0.137031605876982 0.116253224303946 0.233168855113909 0.354226970858872 0.333996789455414 0.273176770173013 0.367940723598003 0.365512059517205 0.287458274364471 0.216588705871254 0.298385217785835 0.289232939407229 0.201494002919644 0.177013777149841 0.272019398249686 0.209557998217642 0.167056847345084 0.115745954657905 0.120607180614024 0.0289323528995737 0.0427403872879222 0.022500261515379 0.0385954618663527 0.0310897458111867 0.0336649447050877 0.0233114103204571 0.0253991420334205 0.031205626061419 0.0103016449412098 0.0208989317528903 0.0399804394692183 0.0725920783542097 0.080323890009895 0.164075247924775 0.12039641469717 0.100063892267644 0.0772044659312814 0.0280935134727042 0.0550085820071399 0.0993635085597634
0.173481428148225 0.275051094451919 0.291862735599279 0.295961471125483 0.102664655554108 0.0460314695583656 0.0152100391825661 0.26853712846525 0.346873834766448 0.304687275644392 0.306940490081906 0.306814827769995 0.401311218068004 0.340311213955283 0.144769897516817 0.0744806160964072 0.216314588794485 0.192189249489456 0.15868871496059 0.171821066755801 0.166162085160613 0.120537809031084 0.173104980187491 0.109359587454237 0.0733961616642773 0.0405202286690474 0.0138174493331462 0.0152496650198009 0.00586973226076225 0.00871240980166476 0.011332100458676 0.0124929486447945 0.0137577949557453 0.00455578254572174 0.000882132656843169 0.00759852194751147 0.0391046490706503 0.0667806002125144 0.0642281321063638 0.0746634804084897 0.0837400770001113 0.0907993461284786 0.0932831064239144 0.0432905741082504 0.0257298373291269 0.0235282127768733
0.0742448677308857 0.182749573159963 0.340497350916266 0.305293538011611 0.26174511494115 0.151180850490928 0.0151179923955351 0.134683252936229 0.334676618129015 0.370324484482408 0.35768268302083 0.313663110360503 0.323289910107851 0.256706837471575 0.0978149861935526 0.26259950613603 0.213477399218827 0.204974812678993 0.193629754856229 0.178153178561479 0.13039174917154 0.106348476782441 0.139360384880565 0.115711916321889 0.0750085708266124 0.0850205569155514 0.032243895479769 0.00968568969459739 0.0232977565191686 0.0138031923770905 0.0194855288648978 0.0077770399505971 0.00264156117242237 0.00239659682250931 0.000443324282414324 0.00598921814002097 0.0284849644172937 0.057727526105009 0.0661611843761057 0.0836261886544526 0.101317555326968 0.0780251711420715 0.0456218278314918 0.0785929267853498 0.0962322249449789 0.144364926367998
0.36990389097482 0.348558333702385 0.254301009662449 0.234684141110629 0.347315580993891 0.221917025409639 0.02282097726129 0.206358670019545 0.324699167516083 0.384300910942256 0.378405126109719 0.2296256502904 0.294176364243031 0.188248637448996 0.262010878846049 0.273516416735947 0.162339717331342 0.116446716925129 0.0622357785142958 0.147711309017614 0.160353414192796 0.165258816862479 0.0370270693395287 0.0899838735337835 0.0766443284554407 0.0725982585828751 0.0127492848373367 0.033416101912735 0.0220268211548682 0.00712079729826655 0.00558949022728484 0.00399432492766209 0.000290292247416097 9.38969517397936e-05 0.000451121853675431 0.00158576402434846 0.0138259355502669 0.037063136555953 0.0548402215540409 0.102318796738982 0.119927302058786 0.0899999599345028 0.102031471207738 0.127542925905436 0.0843303214386106 0.164679731912911
0.361645621359348 0.334861385188997 0.296947015076876 0.295461089443415 0.356162391081452 0.178163395826705 0.0167615097365342 0.183364410018548 0.300354570671916 0.256228459980339 0.325422902181745 0.351376918852329 0.366403321027756 0.247871426083148 0.286063405349851 0.230150630697608 0.266405361816287 0.178522751145065 0.0887296936661005 0.110159437106922 0.101352080642246 0.0868587498134002 0.104919411800802 0.110786096258089 0.0751956096757203 0.0346591353585245 0.00439677032263717 0.0159374225803185 0.0175395032635424 0.0137100005941465 0.00741492391214706 0.00163095236272056 7.9393355334787e-05 0.00042120419967091 0.00257648103841348 0.00225437191460514 0.00129102602106286 0.0236490806844085 0.0366485812421888 0.0427450265549123 0.0923201505467296 0.104610548131168 0.162317502126098 0.313661089241505 0.219055512659252 0.284615197554231
0.31546290114522 0.255642991049681 0.322935660742223 0.253694340270013 0.251654157154262 0.107970173196518 0.0339659361817758 0.100928808497265 0.136307586301118 0.13362943197717 0.391750472486019 0.356034198850393 0.39849198281765 0.352048747800291 0.303670121207833 0.270727460235357 0.263074688538909 0.147717749346048 0.101279525263235 0.0496263625798747 0.0788824768690392 0.0388738661282696 0.0306603062991053 0.0339684216315254 0.0361029736467754 0.0175911992696911 0.00587758546127588 0.0347096975985914 0.0268769815471023 0.022374443791341 0.0120116409054026 0.00257968787693244 0.00021128020411652 0.000195662204433802 0.00938342067063786 0.0147637052737991 0.00949776062567253 0.0202978011278901 0.042159762904048 0.047321636043489 0.0858902055583894 0.106945030689239 0.150495113078505 0.272854179479182 0.239781422279775 0.377248623371124
0.290624456889927 0.317159475311637 0.201597395632416 0.190479340418242 0.222116211457178 0.146958941508783 0.0552093136811163 0.175227141107898 0.301100151240826 0.297278135418892 0.220863492237404 0.373170812502503 0.362743247747421 0.3196553568542 0.24511509841308 0.150132250785828 0.192569797430187 0.17308421714697 0.164959705881774 0.0940906214620918 0.12233419124037 0.101151878405362 0.0555137213284615 0.000901189625526229 0.000236150231332317 0.000127867664094765 0.0130822210236511 0.0211521600664128 0.0302456741407514 0.0226593889365904 0.0189022255525924 0.00828109235619195 0.00158989641556218 0.000655554676591237 0.0101600389904343 0.0158704190026037 0.000931338566633713 0.0281938135623932 0.0823503996804357 0.107625738121569 0.17656572079286 0.103126291641966 0.142862250544131 0.264593867585063 0.242726174090058 0.386640447825193
0.172117323540151 0.11092386004515 0.154576747773681 0.223493489362299 0.0864874581084587 0.0848094001377467 0.282728740666062 0.343305418211967 0.345824522450566 0.344844831228256 0.325090535450727 0.205582053689286 0.284951459243894 0.39073426105082 0.276952882856131 0.26171193189919 0.189731741533615 0.189276745868847 0.137634879313409 0.138933209404349 0.120690877772868 0.131027436889708 0.0813098250329495 0.0189492768641671 0.00122891910225633 0.00141229984234087 0.023513955604285 0.0369991028960794 0.0441837139008567 0.0182783389405813 0.0111136147897923 0.0118044606456533 0.00858632433519233 0.00194018685055198 0.00763507715353626 0.0138003652379848 0.00512766134852427 0.0188923206960317 0.113008783068508 0.187732732109725 0.204739114902914 0.136391467340291 0.125428511500359 0.302216331996024 0.303872604444623 0.347406577169895
0.134465668611228 0.172863118834794 0.0219268488610396 0.0679877434187802 0.155708952678833 0.330800609476864 0.320395755395293 0.352772925719619 0.311624835655093 0.365020307302475 0.238914229813963 0.223483828157187 0.360143357887864 0.278876535706222 0.311612056642771 0.223721374105662 0.23156402811408 0.248951742351055 0.192468641400337 0.139053136045113 0.106585478037596 0.112713831979781 0.124330887962133 0.0579589294712059 0.0170196507975925 0.00140955080452841 0.0244934329832904 0.0365740618156269 0.0172832443797961 0.0373826464428566 0.032696081995964 0.0132244095025817 0.0271254070545547 0.0113758949066687 0.011990524619323 0.0142730459221639 0.00878580596792745 0.0206400703075633 0.0623211815301329 0.19843875316903 0.21240002695471 0.158682623468339 0.19758050404489 0.220412545353174 0.114571112152189 0.264269231706858
0.0352787674369756 0.0148042081296444 0.0833396928478032 0.240280406158417 0.335954247526824 0.308550426382571 0.313500847928226 0.268306590914726 0.282879752218723 0.326601384840906 0.352021523788571 0.258862248472869 0.2982757820189 0.322898011729121 0.223493034802377 0.241008604634553 0.255060782022774 0.127349257864989 0.170729132341221 0.236236285381019 0.181589048430324 0.166545992027968 0.127943104840815 0.103736028028652 0.0631875327555463 0.00643034935637843 0.0182117539597675 0.0280815040098969 0.0326362649560906 0.0337301146809477 0.0551498598430771 0.00950275347917341 0.0333123482740484 0.00972024479910033 0.0179232648937614 0.0212111519090831 0.006829535762663 0.0352304962801281 0.0788252929178998 0.148187978398055 0.15943548290059 0.149344444619492 0.257492120079696 0.147818094538525 0.146348839560524 0.277388280779123
0.0275145769261871 0.074363086509984 0.170920488759875 0.22570005228743 0.280277586206794 0.276624681949615 0.225599704599008 0.228273800425231 0.261087670382112 0.260058684572577 0.314028668776155 0.322549730166793 0.31121408008039 0.221066090986133 0.223117795716971 0.185548884347081 0.165273990500718 0.0380137813324109 0.275717072775587 0.250579848214984 0.210183512512594 0.160763603635132 0.0595709975203499 0.123613395318389 0.111909630252048 0.0503679937549168 0.00859784371772548 0.0275518700946122 0.0349427542416379 0.0521351531008258 0.0320060439966619 0.014549227172829 0.0138475683896104 0.0039186648742907 0.0195316620310041 0.00577703271264909 0.0102428381722711 0.0527021641936153 0.0987516612652689 0.219647293202579 0.152966201938689 0.118949972521514 0.271793872853741 0.196054890155792 0.125860003810376 0.115753410095349
