data/affinities_sno_1000.asc
NCOLS 100 
NROWS 165 
XLLCORNER -12850 
YLLCORNER 6498250 
CELLSIZE 1000 
NODATA_value -9999 
[rows 63 to 83 of 165, columns 46 to 91 of 100]
0.291004381328821 0.332372829988599 0.214426597394049 0.296546870097518 0.349615200012922 0.273009829930961 0.206164063494653 0.200525995781645 0.105005933083594 0.291014830991626 0.405386025160551 0.435637288987637 0.434878564327955 0.364465493410826 0.3613840970397 0.260370263624936 0.154015761949122 0.207297233864665 0.223041733503342 0.268478497415781 0.336643020361662 0.390719201341271 0.255739433206618 0.168739957660437 0.198905516667292 0.214860322363675 0.151213987376541 0.168265289105475 0.155313077252358 0.0807829127507284 0.0083776413029409 0.074499818845652 0.0318013092033866 0.0062395092099905 -9999 -9999 -9999 -9999 -9999 -9999 -9999 -9999 -9999 -9999 -9999 -9999
0.338670477643609 0.331063311062753 0.310584062859416 0.394182158410549 0.270210907179862 0.121821180628613 0.118312767148018 0.153297674693167 0.282058695117012 0.318901001438498 0.304551632329822 0.289659467888996 0.415761816725135 0.443015423864126 0.296747276671231 0.29031865902245 0.281059453487396 0.34150144174695 0.360472008287907 0.373434339463711 0.246129713114351 0.44301339097321 0.482350347042084 0.28430049424991 0.213626972781494 0.153337913900614 0.114209676515311 0.098200193727389 0.0744074297382031 0.0504741237079725 0.0340248196385801 0.0500175346620381 0.0512952054450947 0.00382655646535568 -9999 -9999 -9999 -9999 -9999 -9999 -9999 -9999 -9999 -9999 -9999 -9999
0.425697644203901 0.324853667654097 0.315582786239684 0.116787467310205 0.110843391609378 0.280748345348984 0.196714363787323 0.21775513023138 0.370715209860355 0.401186978518963 0.443903619199991 0.257829702580348 0.268892208263278 0.185770916193724 0.14449108495377 0.356885229125619 0.316591989323497 0.346017520800233 0.361676403358579 0.295715841203928 0.394685538858175 0.415832014847547 0.523139281570911 0.478105961084366 0.32842805236578 0.421377190425992 0.334778606183827 0.18056330807507 0.102331147417426 0.156999515481293 0.138686467083171 0.0730963263474405 0.0530537070378407 -9999 -9999 -9999 -9999 -9999 -9999 -9999 -9999 -9999 -9999 -9999 -9999 -9999
0.312765389829874 0.337141145002097 0.265625586227979 0.291597794718109 0.356603056639433 0.111805089078844 0.103886832650751 0.168567786198109 0.376470096334815 0.389303703680634 0.41498126655817 0.391728801764548 0.437440723329783 0.306673591211438 0.341604276895523 0.39281996846199 0.402737534344196 0.290558861978352 0.337778628021479 0.349933273158967 0.345433269813657 0.454430531859398 0.534474767446518 0.403846294432879 0.344266776591539 0.352458271533251 0.420791020840406 0.297309821415693 0.103429102087393 0.0546297539432999 0.0380283579463139 0.0289506817661459 0.0163721629040083 0.0236384240602156 0.0114041426386393 -9999 -9999 -9999 -9999 -9999 -9999 -9999 -9999 -9999 -9999 -9999
0.233330648485571 0.302555323019624 0.431153613328934 0.392110615521669 0.287532521449029 0.248385410178453 0.0922485757432878 0.107913413839415 0.201932475361973 0.37612681388855 0.330737473145127 0.34629937030375 0.382825463041663 0.338652487583458 0.301951072439551 0.392522424533963 0.417109953463078 0.347854137867689 0.380374127775431 0.416955964565277 0.359116666205227 0.36476457208395 0.294471145235002 0.233642749413848 0.14159222252667 0.137854913063347 0.111892162272707 0.113581842705607 0.0783661646954715 0.0903448007407133 0.111638445192948 0.0939322784915567 0.0850228029489517 0.017515184524018 0.00873037842016115 -9999 -9999 -9999 -9999 -9999 -9999 -9999 -9999 -9999 -9999 -9999
0.273630708903074 0.380598393827677 0.361368008516729 0.420653001219034 0.332262860834599 0.337120350375772 0.337105636894703 0.294093927554786 0.178980770651251 0.441939174085855 0.408716406673193 0.446500442028046 0.337236997112632 0.187269095731899 0.285579941160977 0.371051771268249 0.384925466030836 0.274286243915558 0.333090963326395 0.270375353824347 0.247949022389948 0.185549743166193 0.125134927257895 0.127924275053665 0.120851660072803 0.123080655317754 0.110424321610481 0.19341775201261 0.213189089894295 0.115625760639086 0.131607980914414 0.218653043732047 0.118718379586935 0.0651680055492034 0.00846591969755417 0.0131213808707281 0.0249011160291654 0.00835094394543293 -9999 -9999 -9999 -9999 -9999 -9999 -9999 -9999
0.299181960374117 0.278606818541884 0.26045366294682 0.332440558560193 0.311742520555854 0.287005551569164 0.364486336112022 0.189767942074686 0.149373036883771 0.303439877480268 0.368475695252419 0.385488289445639 0.324712617769837 0.183921899879351 0.323088301345706 0.400090402811766 0.269458506926894 0.17435160420835 0.1230780491326 0.115198301794007 0.104642620244995 0.12406538378913 0.2144853737019 0.253784548453987 0.273223356902599 0.333550284802914 0.281355759128928 0.184476923234761 0.124043692303821 0.129653156977147 0.141346436031163 0.135828093327582 0.110530851371586 0.114683077558875 0.0953631683858111 0.086648436030373 0.0360378713201499 0.0125031644897535 0.00432457247128089 -9999 -9999 -9999 -9999 -9999 -9999 -9999
0.432234116196632 0.338408096581697 0.402126843556762 0.340005698204041 0.269448801204562 0.421966906934977 0.423622400462627 0.153849322330207 0.249572743065655 0.24112401176244 0.356493245512247 0.376950618252158 0.421434496641159 0.275560026690364 0.323468403294683 0.395723405480385 0.393248389214277 0.313150848895311 0.287030411069281 0.355718682408333 0.306981104686856 0.330838613733649 0.364846704080701 0.260643357895315 0.345519155375659 0.427831259444356 0.366081843450665 0.275520808547735 0.156436219736934 0.161864769756794 0.111150605548173 0.0879386674333364 0.13624565763399 0.1536033950001 0.329101252509281 0.222093881703913 0.0243865625182661 0.0265275373598655 0.0067484020255506 -9999 -9999 -9999 -9999 -9999 -9999 -9999
0.371657856069505 0.366065748520195 0.318545856103301 0.336816252470016 0.308971128389239 0.363132989704609 0.343863724209368 0.0921032598242164 0.326081869676709 0.276216289326549 0.360215637981892 0.362444892637432 0.312051618676633 0.222113231308758 0.371080211997032 0.333194171190262 0.431848092526197 0.381439252048731 0.356376661062241 0.216858048960567 0.191541499951854 0.173284948235378 0.330038848482072 0.279388443566859 0.329772105962038 0.405929081663489 0.372635349929333 0.284478793777525 0.177123574875295 0.215044853165746 0.16677623976022 0.159794914498925 0.154148722812533 0.166565722562373 0.112476581316441 0.107515430785716 0.079350124578923 0.013812109605642 0.000739444765713415 -9999 -9999 -9999 -9999 -9999 -9999 -9999
0.21107250132598 0.318754201307893 0.336701630167663 0.271492587253451 0.32933577157557 0.259565823171288 0.308848504135385 0.0982580044306815 0.351024804338813 0.345715433061123 0.0624125903099775 0.128628937248141 0.108459356985986 0.239017306566238 0.262571477219462 0.287184807881713 0.301152036227286 0.287198507115245 0.313462128639221 0.209230461064726 0.259078185148537 0.160001084282994 0.294663360565901 0.270317724216729 0.321528783235699 0.315624947026372 0.410688119977713 0.271322440579534 0.310424110516906 0.285022342056036 0.280577994212508 0.334143109470606 0.29493035512045 0.324620542116463 0.183283377885818 0.117608420997858 0.0857529401779175 0.0173718431708403 0.0100446637782336 -9999 -9999 -9999 -9999 -9999 -9999 -9999
0.200391878299415 0.194240491429809 0.236322527062148 0.254381909705699 0.300965726450086 0.271244626808912 0.0625541587918997 0.0618140740320086 0.325673004984856 0.265077430307865 0.0699582814797759 0.189866076875478 0.369888399615884 0.294894959926605 0.271736050471663 0.526611612737179 0.368512799665332 0.378664502501488 0.331342700123787 0.31243894577492 0.152770080789924 0.290331712011248 0.303104580081999 0.35344163749367 0.206650531366467 0.427607140094042 0.34068548001349 0.33517676576972 0.311507074609399 0.300235393084586 0.353419756293297 0.36978588566184 0.266113483570516 0.32917776260525 0.232261750623584 0.204575050696731 0.128545247726142 0.0452539299242198 0.0225112434977066 0.0056094847155467 0.0178817054560489 0.00990836681078442 -9999 -9999 -9999 -9999
0.408947826549411 0.255451964214444 0.289649570286274 0.347281046640128 0.303343444187194 0.298911842573434 0.0718815396726131 0.0267301540449262 0.061221002265811 0.0471599417738616 0.179261699514464 0.373986338712275 0.329528741501272 0.324423265606165 0.395906353965402 0.406625873744488 0.338322368487716 0.334388286471367 0.331960090920329 0.255050397473387 0.154783231560141 0.342462549321353 0.321003081761301 0.27729710701853 0.245045925565064 0.453422574102879 0.456897667050362 0.418807082995772 0.357159490808845 0.287716211825609 0.331920486316085 0.337380998283625 0.301804067566991 0.359478289186955 0.253415983561426 0.289838381260633 0.221229966878891 0.180144973881543 0.0598276192788035 0.0737653911393136 0.0477689984068274 0.0114205176953244 -9999 -9999 -9999 -9999
0.2349713749066 0.283025667741895 0.381715027987957 0.286671672444791 0.203622942301445 0.183223084341735 0.0307934108795598 0.121433315956965 0.210497998679057 0.110860644578934 0.34059020280838 0.257597025875002 0.337024989277124 0.316346290595829 0.466714529693127 0.38073004052043 0.302700436785817 0.246508529055864 0.232787833027542 0.303241894096136 0.284566925764084 0.29911333322525 0.32015825111419 0.139256796911359 0.187693003378809 0.335551886316389 0.444938334971666 0.424776261746883 0.393177055194974 0.345688159167767 0.389081877097487 0.3098971741274 0.264517466723919 0.267600468005985 0.276057237815112 0.232173018939793 0.210683235004544 0.260022456534207 0.153557624071836 0.154372465517372 0.0174118351794378 0.00145931716178893 -9999 -9999 -9999 -9999
0.296761706396937 0.37941851079464 0.318244565688074 0.131309354994446 0.0748579041007906 0.0522129750810564 0.0841289009107277 0.0857235704176128 0.268076294353232 0.363971933759749 0.428354699984193 0.371678939759731 0.328227418065071 0.339196510016918 0.383425874710083 0.392709230333567 0.319764737039804 0.341443122550845 0.199175619743764 0.27635026242584 0.28305878167972 0.112093795295805 0.406512102726847 0.208533717505634 0.244801718425006 0.383732727020979 0.339400449767709 0.411108740270138 0.415465206578374 0.377636092603207 0.414179273992777 0.201414600741118 0.291103199329227 0.151243379954249 0.214799196943641 0.231046588681638 0.305349710658193 0.236873205006123 0.134868986262009 0.0590087454114109 0.00753690122913283 -9999 -9999 -9999 -9999 -9999
0.330336419939995 0.23793066535145 0.161865309160203 0.0534433380141854 0.0623422377277166 0.189441256755963 0.298935498073697 0.376644974425435 0.369975326582789 0.31793451666832 0.290153068415821 0.349368969276547 0.246482759676874 0.279710791558027 0.314997479915619 0.317417642883956 0.342612026147544 0.251816886402667 0.297582545168698 0.244248447678983 0.3070221555233 0.186944147236645 0.0819752712734044 0.0923649414069951 0.0633458009851165 0.0478269522823393 0.0962400179821998 0.136461454089731 0.383636226914823 0.38017408259213 0.399984330758452 0.191002704538405 0.283560179919004 0.335620303750038 0.171692197071388 0.134366197325289 0.175732193263248 0.0893419713759795 0.026410233890274 0.00702575597537361 0.000896167708560824 -9999 -9999 -9999 -9999 -9999
0.162450331207365 0.0462359456717968 0.0181952046230435 0.0237345617916435 0.221098122340627 0.316952435970306 0.323361550420523 0.371050061658025 0.341684933900833 0.279461947083473 0.408063413947821 0.312165252119303 0.276646680049598 0.326829840615392 0.20769217889756 0.271622003093362 0.293069125823677 0.276097958888859 0.37562016159296 0.266950396299362 0.296267363801599 0.419492262788117 0.159279620721936 0.230560847576708 0.355512603092939 0.336102028898895 0.267761950399727 0.256949459351599 0.462088191360235 0.466378091275692 0.354429316483438 0.398384476304054 0.262710563540459 0.32433387234807 0.272981557417661 0.113202596437186 0.0846275244280696 0.013254775928217 0.0303885256449576 0.00071822049902039 0.000910076414584182 -9999 -9999 -9999 -9999 -9999
0.0843776999786496 0.306010101400316 0.182635563965887 0.0220259558106773 0.281281632413156 0.336514198854566 0.348962151780725 0.478806089758873 0.318029332477599 0.216586249545217 0.278902063351125 0.13151999396272 0.311875246595591 0.241048350706697 0.352802330851555 0.371951979026198 0.278331358768046 0.340410204157233 0.356706294417381 0.276948287077248 0.361924990937114 0.381472645848989 0.170652303807437 0.429114534258842 0.413454750031233 0.377767932787538 0.0844502800609916 0.0801916670892388 0.317919190432876 0.427762125879526 0.372353395372629 0.397898424267769 0.290742919445038 0.251148069575429 0.272394787743688 0.207917419075966 0.102958874423057 0.0642436966393143 0.0463158234860748 0.0034965776601166 0.00369327770546079 -9999 -9999 -9999 -9999 -9999
0.347517614364624 0.361685880720615 0.360896640494466 0.0680638737126719 0.180768655363936 0.246949664615095 0.396258115489036 0.467822769284248 0.34222511574626 0.26909652614966 0.26494474472478 0.0616490930411965 0.239979754388332 0.286916509084404 0.35495507478714 0.371963191833347 0.297417528741062 0.345552696213126 0.327265291884542 0.446029129400849 0.379805599208921 0.357825716212392 0.132848547827452 0.418779305294156 0.350186247900128 0.217917659990489 0.208938336838037 0.333071882566437 0.242511699646711 0.366631882339716 0.321738785486668 0.268183196373284 0.262030052244663 0.242807569690049 0.16114720034413 0.208913841182366 0.240237072072923 0.0963277243217453 0.0498212741035968 0.0232496871449985 0.0230170715221902 -9999 -9999 -9999 -9999 -9999
0.319838508814573 0.308938554152846 0.244317415412515 0.0253989294520579 0.180951334666461 0.399640411585569 0.380451059117913 0.456814420819283 0.343491023331881 0.166170058706775 0.213087902441621 0.311366396658123 0.344367539193481 0.276907668486238 0.350756136626005 0.303465672396123 0.359069818034768 0.403065264634788 0.177467700392008 0.305925624035299 0.484993571043015 0.463490294255316 0.412146551385522 0.474003223925829 0.356861915737391 0.285877736583352 0.23730846311897 0.311821124255657 0.364505084715784 0.284417122378945 0.293044030927122 0.282703158287331 0.20911841802299 0.27187265753746 0.233257651776075 0.149123642053455 0.166970186959952 0.0901865751924925 0.0140962688764557 0.0342591855349019 0.0155306252030035 -9999 -9999 -9999 -9999 -9999
0.395102173015475 0.356473876610398 0.205784315802157 0.111789699844085 0.19094441480469 0.371940291300416 0.393673972114921 0.438296437561512 0.204322079885751 0.117830324014649 0.348052934333682 0.392221071273088 0.302407150045037 0.334571716040373 0.347518588267267 0.308085879459977 0.314205799624324 0.316688944846392 0.0673039421997964 0.0556017287820578 0.335241218134761 0.472189492210746 0.476348675712943 0.317307155374438 0.314042353779078 0.266562037244439 0.143607029877603 0.302281118053943 0.314403840824962 0.278793000262231 0.182748052454554 0.21035140347667 0.237598456330597 0.222589447833598 0.225079333949834 0.246693948358297 0.160515834391117 0.0318654285758384 0.0171612418367295 0.0332988406298682 0.00946881114577991 -9999 -9999 -9999 -9999 -9999
0.253665291666985 0.268677709400654 0.266882825996727 0.210259590065107 0.279514148589224 0.337297795712948 0.259056751728058 0.271364562315866 0.150886412621476 0.271229702085257 0.314777835644782 0.368243972873315 0.334865788891911 0.312916850373149 0.279402238242328 0.377035508193076 0.346314152926207 0.394169268608093 0.191787577755749 0.0168568460643291 0.0354367330856621 0.19609224784188 0.436358176916838 0.3251237860322 0.361257649958134 0.368561282753944 0.31207412712276 0.171937933592126 0.255357152242214 0.239848142974079 0.149973263479769 0.192681859452277 0.229175147227943 0.184401730708778 0.188314717914909 0.103938976624049 0.0303376913710963 0.0126642358262325 0.00573407818155829 0.0166661223440315 0.00447070138716299 -9999 -9999 -9999 -9999 -9999
