data/affinities_sno_2000.asc
NCOLS 59 
NROWS 44 
XLLCORNER 110650 
YLLCORNER 6894750 
CELLSIZE 2000 
NODATA_value -9999 
[rows 0 to 23 of 44, columns 0 to 53 of 59]
-9999.000000000000000 -9999 -9999 -9999 -9999 -9999 -9999 -9999 -9999 -9999 -9999 -9999 -9999 -9999 -9999 -9999 -9999 -9999 1.37855391928998e-05 4.95341498899859e-05 0.000131409164106758 0.000181218232475212 -9999 -9999 -9999 -9999 -9999 -9999 -9999 -9999 -9999 -9999 -9999 -9999 -9999 -9999 -9999 -9999 -9999 -9999 -9999 -9999 -9999 -9999 -9999 -9999 -9999 -9999 -9999 -9999 -9999 -9999 -9999 -9999
-9999 -9999 -9999 -9999 -9999 -9999 -9999 -9999 -9999 -9999 -9999 -9999 -9999 -9999 -9999 -9999 -9999 1.05810604748058e-05 0.00012364681350721 0.00178205003811767 0.00831450459626678 0.0101483387058813 0.00454819264619167 0.00315246145265863 0.00315220563854833 -9999 -9999 -9999 -9999 -9999 -9999 -9999 -9999 -9999 -9999 -9999 -9999 -9999 -9999 -9999 -9999 -9999 -9999 -9999 -9999 -9999 -9999 -9999 -9999 -9999 -9999 -9999 -9999 -9999
-9999 -9999 -9999 -9999 -9999 -9999 -9999 -9999 -9999 -9999 -9999 -9999 -9999 -9999 -9999 -9999 0.00097327009901075 0.00401032925505628 0.00780892592887189 0.0281527225939622 0.0254053599535238 0.125394669671869 0.145816730807972 0.0774257981112174 0.00232846069742777 0.00652078539133072 -9999 -9999 -9999 -9999 -9999 -9999 -9999 -9999 -9999 -9999 -9999 -9999 -9999 -9999 -9999 -9999 -9999 -9999 -9999 -9999 -9999 -9999 -9999 -9999 -9999 -9999 -9999 -9999
-9999 -9999 -9999 -9999 -9999 -9999 -9999 -9999 -9999 0.00792920957319438 0.00636183549733109 0.0262841781274524 0.036920859233817 0.0237694792282584 0.0165926407008592 0.0745222595352292 0.0161459199376825 0.000451643848807745 0.00165873253247091 0.051401521373747 0.134880232479926 0.166928457417315 0.307682881744589 0.120005313015852 0.0492651756414042 0.0392955608281422 0.00929213769268245 -9999 -9999 -9999 -9999 -9999 -9999 -9999 -9999 -9999 -9999 -9999 -9999 -9999 -9999 -9999 -9999 -9999 -9999 -9999 -9999 -9999 -9999 -9999 -9999 -9999 -9999 -9999
-9999 -9999 -9999 -9999 -9999 -9999 0.00277517415041716 0.00416784500231858 0.015141475397642 0.144033417324049 0.126258886855487 0.232296370056123 0.200632445057404 0.0546191099902471 0.00365399312510216 0.0962729765452589 0.0542089693082305 0.00748880830362601 0.000422791271299355 0.044030173175146 0.124305922457289 0.111671326512928 0.194910029994695 0.149159341325465 0.154279518290714 0.233143830776484 0.00516582176097777 -9999 -9999 -9999 -9999 -9999 -9999 -9999 -9999 -9999 -9999 -9999 -9999 -9999 -9999 -9999 -9999 -9999 -9999 -9999 -9999 -9999 -9999 -9999 -9999 -9999 -9999 -9999
-9999 -9999 -9999 0.000581170195043038 0.00856428492474863 0.0257619739321868 0.165775547392457 0.11041894005315 0.0101463635136133 0.239427907975165 0.263984225795956 0.221240739229691 0.221114120538472 0.0241768537550731 0.00672768730693542 0.0337541154485386 0.159033143044771 0.0635559459195756 0.00863059277624452 0.0187485321984242 0.115214276161339 0.0773991084622488 0.170589190605649 0.176633912271332 0.247839902441634 0.214178756910043 0.00187486141839776 0.0053876631429815 0.00327319060195156 -9999 -9999 -9999 -9999 -9999 -9999 -9999 -9999 -9999 -9999 -9999 -9999 -9999 -9999 -9999 -9999 -9999 -9999 -9999 -9999 -9999 -9999 -9999 -9999 -9999
-9999 -9999 0.000490274270640312 0.0121828869853983 0.0638223600853815 0.15736317169939 0.208036353148565 0.199038257713564 0.0523098758113587 0.0995507382588403 0.217717918713567 0.232598230113542 0.152925151855134 0.106462911180999 0.170453203490145 0.00715887297276815 0.0428576016985715 0.0612078937862304 0.0092442846421375 0.0126065644584017 0.0791986960839901 0.15089407423936 0.254805543737744 0.19230096543358 0.142974451361344 0.134315492695118 0.00113689048603839 0.045519934107755 0.00350863699853532 -9999 -9999 -9999 -9999 -9999 -9999 -9999 -9999 -9999 -9999 -9999 -9999 -9999 -9999 -9999 -9999 -9999 -9999 -9999 -9999 -9999 -9999 -9999 -9999 -9999
0.0426754261726751 0.0143000391190541 0.000711990151060398 0.00543376985632904 0.0541548533811416 0.0418785961782811 0.166035692014234 0.152161645724799 0.130568650462705 0.182391645808932 0.111708752918746 0.197940251413918 0.301667475515663 0.25557493890423 0.153622916381561 0.0299568328805589 0.01280986506261 0.00768587131755718 0.000167520559456201 0.00336629836986805 0.0321669752718503 0.0848712656331119 0.13651486757098 0.0752838366641238 0.0406364568538565 0.0241865323170427 0.00415158629772251 0.0549169843511904 0.00238634187489531 -9999 -9999 -9999 -9999 -9999 -9999 -9999 -9999 -9999 -9999 -9999 -9999 -9999 -9999 -9999 -9999 -9999 -9999 -9999 -9999 -9999 -9999 -9999 -9999 -9999
0.0421173145989814 0.0161082181668698 0.00394384933883007 0.00218085162067277 0.022212995504405 0.0575064341789664 0.101922013475787 0.100190986571214 0.0831277387706453 0.072887561413595 0.0849736791843853 0.107674176566743 0.209795367740867 0.209773986563173 0.148744931384163 0.0864658748048781 0.0276375355489293 0.00743246272564026 0.000523385402072227 0.131333433066116 0.0813551812873334 0.140372278414097 0.0844548853847289 0.0758522642476998 0.0358600857535259 0.029742162122519 0.0561507469010945 0.0613881147164892 0.00290308972654389 5.63685120679958e-06 4.43200675579835e-05 0.000648797577014193 -9999 -9999 -9999 -9999 -9999 -9999 -9999 -9999 -9999 -9999 -9999 -9999 -9999 -9999 -9999 -9999 -9999 -9999 -9999 -9999 -9999 -9999
0.0897117912458178 0.0564418933072765 0.0106162895812122 0.000974305080993467 0.0445308665759157 0.0355012889886388 0.0531870123248628 0.0446027493381435 0.0504870965861952 0.0542970161743822 0.0378294200098269 0.0601569481170705 0.0560663270574417 0.0501862698805777 0.0653813072864974 0.0786360860103087 0.0800793407775666 0.0582964650043479 0.00237547663788651 0.10947095395849 0.199173117189917 0.129051126334715 0.0552426151481212 0.0327162527620924 0.100251914833805 0.144697873786533 0.169125549683344 0.11515886972189 0.0307763107916181 0.00658040823753248 0.021100908240877 0.000879824627567707 0.000941297051114726 0.000199584850205985 -9999 -9999 -9999 -9999 -9999 -9999 -9999 -9999 -9999 -9999 -9999 -9999 -9999 -9999 -9999 -9999 -9999 -9999 -9999 -9999
0.014280089709633 0.00737581765807252 0.000575954587040473 0.000837143740456663 0.0515481080851988 0.0380479983172021 0.0250569061660178 0.0832828361442651 0.0213949868862481 0.0249894139293195 0.0113994870240295 0.0279853754425392 0.0350127227893721 0.0418655990022819 0.0731846932663189 0.0929292027621426 0.0665242073365209 0.038064385253613 0.0393511197740198 0.00375117165056326 0.074992786962221 0.234383994008233 0.058185161867813 0.117104459604324 0.322518337955692 0.168481439484925 0.203217868091637 0.216855971335554 0.0304875290898631 0.0394800962466701 0.0819300095047637 0.0477685191388738 0.0372484801826397 0.00443463588241959 0.00101306071263557 0.00123371845874627 0.002217088463658 -9999 -9999 -9999 -9999 -9999 -9999 -9999 -9999 -9999 -9999 -9999 -9999 -9999 -9999 -9999 -9999 -9999
-9999 0.0262768416502982 0.0103568806938984 0.00307318927389358 0.00361330871283927 0.00874393607230729 0.00170774932367449 0.000212943696222059 0.000177764164551609 0.00014929141037681 0.000471213468354321 0.00526944644128952 0.0207251841335198 0.0449190169725138 0.0303028912314475 0.0515914935791606 0.0624055980328812 0.146960763109662 0.106715585431088 0.00569337461726855 0.173492080092256 0.374544027326616 0.427651560382185 0.146169513696054 0.391316492134183 0.380427511887191 0.272858541059082 0.247359075198177 0.013785179602809 0.0566103551847877 0.0716077692990162 0.189068240612465 0.157862439508357 0.045134451073684 0.180041579677722 0.0766089640235541 0.000899275379929563 0.00214454284225838 4.71096850418462e-09 -9999 -9999 -9999 -9999 -9999 -9999 -9999 -9999 -9999 -9999 -9999 -9999 -9999 -9999 -9999
-9999 -9999 -9999 0.00637078728265141 0.00135524019488615 -9999 5.26081127105726e-06 0.000578252465012583 0.00952940889924984 0.00362046489730344 0.000316726959448241 0.002281312334775 0.0336284367324575 0.0354647243561215 0.0283147196933298 0.0595407369701838 0.181829894060665 0.148439592659146 0.0353801795737365 0.0229065256785782 0.243269326903374 0.285814574838987 0.40181920116652 0.336336545571073 0.399505051718301 0.403135283697135 0.350157419683122 0.334074513565812 0.00919999412538149 0.183654012002281 0.257937130868424 0.138389607494346 0.265512200203889 0.143528917086763 0.131848025099971 0.282318909454384 0.257598103579825 0.080843894425156 0.0040995850524821 0.0115652293898165 -9999 -9999 -9999 -9999 -9999 -9999 -9999 -9999 -9999 -9999 -9999 -9999 -9999 -9999
-9999 -9999 -9999 -9999 -9999 -9999 -9999 1.55213310349034e-05 0.0125127813595704 0.0283771178238192 0.00338954282359658 0.00368245482659814 0.094607296606747 0.1087303258284 0.120019632679869 0.0812515241370545 0.218699599106045 0.0841349684546767 0.0208009265416 0.00676587697291419 0.11073257728401 0.238581904755712 0.284544875952659 0.348583115918905 0.518263515525689 0.318275338558388 0.401661006724828 0.231214030456518 0.151721718505902 0.257101370051359 0.215268507455052 0.290211443106593 0.313093714764961 0.485551576096393 0.154971346623036 0.232613711274739 0.44402841879984 0.536623919713133 0.21377277804955 0.00474865594482013 0.00760315580237148 -9999 -9999 -9999 -9999 -9999 -9999 -9999 -9999 -9999 -9999 -9999 1.31085189921677e-06 3.47806345925338e-06
-9999 -9999 -9999 -9999 -9999 -9999 -9999 4.53458744686941e-05 6.75464637160097e-05 0.0104903303626596 0.0143988185475184 0.0272457537710765 0.021841767758584 0.112491243124714 0.427888367047683 0.18971736589734 0.148092535212304 0.196462669865709 0.0485412941140882 0.00861379951573084 0.204453449412307 0.294249193426761 0.316993119932389 0.398621822454657 0.392569497537916 0.436331445527451 0.423533515689969 0.0208280982352119 0.303950141499969 0.389017184338526 0.381694134275093 0.310070447243924 0.298482274835698 0.423801634291757 0.52048616966238 0.27112197225954 0.249186370654043 0.326350012560252 0.454824818132911 0.336175559282219 0.0974625231612844 0.00455435149073422 -9999 -9999 -9999 0.00630879759167631 0.00404110286415614 9.56619619074672e-06 0.000942010141443644 -9999 -9999 0.000416508405174175 0.000575479439148709 0.000223133848281685
-9999 -9999 -9999 -9999 -9999 -9999 -9999 -9999 0.000157878746658274 0.00541178952855384 0.0258888630401272 0.0624165316089835 0.124733123666699 0.114677126678051 0.107063341590703 0.239645470916094 0.21186576728078 0.199395444522934 0.0115925327599946 0.013085465681952 0.253989023372656 0.296067664267037 0.200972217831291 0.256249902408037 0.395886728007255 0.201166214535624 0.241247679241531 0.0276471708489701 0.429505996869362 0.458498299870189 0.42453609414199 0.437025813340132 0.420750844713862 0.451894542312381 0.340134490348367 0.535347397616753 0.536636734940692 0.517279000347651 0.17720560117521 0.150140533839124 0.389263824789323 0.0319644326915878 0.0022621760332661 0.00180904224589252 0.00669975456960512 0.0222780264638913 0.0361397958433727 0.00668475711444312 0.00589004448337717 0.00105477513257147 0.000321377036568774 0.00124343161717511 0.00256937652530378 0.000913859825655816
-9999 -9999 -9999 -9999 -9999 -9999 -9999 -9999 0.000213599723885423 0.0724303392670577 0.0588800764537188 0.129792965685504 0.107979889408536 0.162757971332253 0.144905114918474 0.389238863429277 0.174112942203738 0.313184102127518 0.0124498689775727 0.0503573048749964 0.248621938073705 0.360006154124551 0.322082568485102 0.209746512646837 0.442593260421278 0.323551049410347 0.101346717576534 0.0995885142798455 0.318666643366427 0.552000650358386 0.475404015285283 0.449645289699547 0.403133353496541 0.408791782747309 0.302131036101455 0.396253285621376 0.555165756431997 0.5962456746116 0.346704777098185 0.00467691830904813 0.348325647686916 0.340443895316438 0.012839007899001 0.00696528613223906 0.247827159276924 0.405245104616042 0.391260036006648 0.264519350360313 0.184588464790061 0.020949712432609 0.00378344507389642 0.0176324362355344 0.0885932642026254 0.046841311175571
-9999 -9999 -9999 -9999 -9999 -9999 -9999 -9999 0.00106520242599271 0.0194393192265519 0.051263686065177 0.14247091062009 0.328120698479319 0.135935270067409 0.0728676680755484 0.169735133899047 0.127797535034228 0.181943003143515 0.0120870184210938 0.341780855312214 0.451216753383295 0.283928088235039 0.359243473602589 0.342687540565376 0.571427450334728 0.397260039445088 0.146691523647102 0.0650807255519086 0.172917083470758 0.425002601189318 0.460369247666017 0.530046858564019 0.403463726132555 0.335126393482692 0.437231673084724 0.31221878123339 0.441557415028104 0.545033768104828 0.550622670571769 0.102309645529791 0.0355334160251459 0.287552528404609 0.0554537505947243 0.0923811864562056 0.4052095349296 0.573451486863196 0.544844827651978 0.500860657594656 0.221996418470049 0.0459145152200399 0.061583130618385 0.238496524194393 0.179316510185599 0.140478500700556
-9999 -9999 -9999 -9999 -9999 -9999 -9999 -9999 -9999 0.00198999753494342 0.0811430998127923 0.12560225148823 0.294446709138529 0.191342217866915 0.139291607690518 0.0873319489375401 0.200504490413146 0.140597849269433 0.0848160354783183 0.0731151062698602 0.638957970063741 0.441199285494676 0.413623715626901 0.34694021029964 0.487417254354689 0.49388881840394 0.306774463962121 0.025777304492486 0.0726513840100597 0.270091655374321 0.473270605066791 0.52626912869513 0.434502856012323 0.383080474494278 0.537647931836545 0.53896229281317 0.43060291217676 0.414953687971579 0.443609426721998 0.0941547445987408 0.12518290876465 0.0263803832366796 0.0622031331806607 0.376658241073133 0.536041806037541 0.594996906782035 0.551583767374964 0.287845658125158 0.0957765286303937 0.139934945182249 0.372949993909249 0.421264235675335 0.381122312098742 0.187399274875968
-9999 -9999 -9999 -9999 -9999 -9999 -9999 -9999 -9999 0.000629733962705359 0.0584407440247762 0.092284349853733 0.301671832127507 0.207686315505927 0.256954715685807 0.117519067685413 0.117648869293036 0.198317910810871 0.354490559450583 0.0328089613102208 0.124143433544161 0.347023980556606 0.455856442771533 0.505173553849171 0.540695460410289 0.58016991444677 0.588695695443121 0.248166449098894 0.0287824758070336 0.147044455725447 0.382158734814823 0.415646894736714 0.290623740568927 0.416756234527916 0.421438138997494 0.503831258681893 0.379146566908868 0.530096284306948 0.15709252084404 0.117306677613573 0.0599690825146842 0.0882935508363993 0.0773688082120368 0.122473628675189 0.150488463368329 0.126493084530536 0.19006745134046 0.246120803105952 0.285390702881925 0.30719481853218 0.493932648077607 0.472428849115968 0.419000424705446 0.350581405800767
-9999 -9999 -9999 -9999 -9999 -9999 -9999 -9999 -9999 -9999 -9999 0.00199261144095765 0.00284602563147072 0.0122537881140412 0.173127039850606 0.312864928598566 0.156359581966477 0.109562512655378 0.465200197712625 0.486841375990403 0.338082226083056 0.0417264572941428 0.464962329281748 0.513643517052836 0.548239790921847 0.447841505173348 0.366573094904679 0.51143870676191 0.169820898821799 0.0413279027814489 0.289268472590484 0.339788206021767 0.424541661586117 0.311948585600163 0.459784240499537 0.533283409795022 0.66411081481725 0.634192101120491 0.136756904122022 0.562225920053349 0.595553193613388 0.238786996777339 0.294368546815665 0.420909210936995 0.440914401411278 0.470825780787291 0.193984060780262 0.37546474986759 0.288158642541006 0.289195510894642 0.590353479608893 0.560473863258958 0.499601264614612 0.449753842318974
-9999 -9999 -9999 -9999 -9999 -9999 -9999 -9999 -9999 -9999 -9999 -9999 -9999 0.00063063261165322 0.06532192738178 0.35418050650073 0.069904329445771 0.172589190292575 0.339508928237757 0.555479567176763 0.699693283745437 0.270582065243749 0.115724579938927 0.489276360638115 0.625691767829184 0.608243322041362 0.516784259747077 0.59640315329656 0.245491325256043 0.0753620406543221 0.229758355474567 0.460915539998051 0.422430181262626 0.546840660608668 0.511063207556218 0.61050547555089 0.678421675065686 0.245469072503441 0.371443509938607 0.590220275533991 0.218374866354861 0.527480890619424 0.365571689188287 0.462771037438184 0.482787065473385 0.300716542597876 0.384690970883 0.483702798062004 0.421469630755018 0.378440669844887 0.544518623561598 0.418538089740471 0.313999112723306 0.184296467648176
-9999 -9999 -9999 -9999 -9999 -9999 -9999 -9999 -9999 -9999 -9999 -9999 -9999 0.00220957247471024 0.0119461721625772 0.283861586913661 0.0872520722956873 0.229455309776315 0.228656370316623 0.393060008287782 0.587404223503545 0.476156048451277 0.0773072619492919 0.132577736263614 0.405187815000793 0.557366753170296 0.535626481891943 0.493766869141327 0.265198151194345 0.0199049238189218 0.166444818310951 0.490596635457856 0.523357843181584 0.494645165942954 0.519787818598803 0.65561526757665 0.440796794547683 0.214809225260898 0.630872153845015 0.469537845634505 0.24116945996252 0.540196489180374 0.427635670905671 0.271141028407961 0.580437450406026 0.504637798436544 0.478195968942686 0.459715136638807 0.513747564256191 0.510387057343687 0.298681960262964 0.206054777816154 0.124401584345175 0.0700770286642189
-9999 -9999 -9999 -9999 -9999 -9999 -9999 -9999 -9999 -9999 -9999 -9999 -9999 -9999 0.000768176857444897 0.245635512302187 0.160963400705978 0.232907860879112 0.243407620704869 0.309847089134477 0.436813884607244 0.313533046620632 0.380243198873486 0.164159129513752 0.145230950284573 0.248759828979582 0.253981796985686 0.166379890107632 0.0439161805705226 0.105643073162009 0.201991745525043 0.45481801537789 0.649598706662655 0.602559059597552 0.504814553009346 0.474322656602617 0.387959768447226 0.17688011046815 0.472008812566968 0.613847139813006 0.363801999565917 0.441345094720158 0.585808450075641 0.324303485587371 0.243364922614097 0.42062748526223 0.365505808194589 0.519747141269036 0.524688390240071 0.454942178629883 0.567334991722813 0.585553698018193 0.427963644184638 0.257762599885464
