data/affinities_sno_1000.asc
NCOLS 100 
NROWS 165 
XLLCORNER -12850 
YLLCORNER 6498250 
CELLSIZE 1000 
NODATA_value -9999 
[rows 42 to 62 of 165, columns 0 to 45 of 100]
-9999 -9999 -9999 -9999 -9999 -9999 -9999 -9999 -9999 -9999 -9999 -9999 -9999 -9999 -9999 0.00337960927447836 0.0601017407281324 0.0835090418066829 0.148855893001892 0.105916968798265 0.154012878802605 0.0696178745152429 0.0789841556502506 0.0688030876684934 0.0448289255937561 0.0438363685295917 0.0410066072689369 0.0237079247494694 0.0544217821815982 0.116485018851236 0.112949784095399 0.0735980197880417 0.173546314937994 0.128552621919662 0.141994084343314 0.201496456190944 0.171115176919848 0.157897706497461 0.238213375173509 0.248692129254341 0.21528159620706 0.203037115316838 0.225622312538326 0.184703085497022 0.270494334325194 0.3385815577209
-9999 -9999 -9999 -9999 -9999 -9999 -9999 -9999 -9999 -9999 -9999 -9999 -9999 -9999 -9999 0.00882738789391985 0.137768918033689 0.114884539539926 0.213135535260662 0.260143329575658 0.236633913815022 0.223273032940924 0.239432883206755 0.216285711955279 0.142990090884268 0.166592869907618 0.0801091236295179 0.0117128526241868 0.0665117527738039 0.164016278553754 0.160293466295116 0.115054093743674 0.161179667003453 0.154474064968526 0.191494700303301 0.192590038739145 0.159122577495873 0.224265784453601 0.198104623984545 0.0836120107164606 0.0659098150534555 0.124953857623041 0.202318206168711 0.192329870108515 0.307367322146893 0.335586249828339
-9999 -9999 -9999 -9999 -9999 -9999 -9999 -9999 -9999 -9999 -9999 -9999 -9999 -9999 0.00957730256154069 0.0541369127264867 0.0762930267467164 0.0858530787040945 0.237154831327498 0.242743043471128 0.230408972594887 0.190591693078168 0.173632629234344 0.184845114089549 0.123949604257941 0.104535903367214 0.0815547402692027 0.0115031638561049 0.0139488592695852 0.0437842222920153 0.094664772967808 0.100295022823848 0.133681618617848 0.162203387208283 0.198105611465871 0.100603449833579 0.0943439415190369 0.238338643033057 0.199879053030163 0.0371578189684078 0.144879462253302 0.215109351463616 0.275771533101797 0.155380910122767 0.230543170822784 0.312525351978838
-9999 -9999 -9999 -9999 -9999 -9999 -9999 -9999 -9999 -9999 -9999 -9999 -9999 -9999 0.00941592131534384 0.0331657368733431 0.0475047102291137 0.141953623159789 0.2165598401241 0.214267837814987 0.1882601680886 0.0987135048862547 0.0816248633619398 0.0709838225948624 0.0464726780471392 0.0637806089268997 0.068201081706211 0.0123434163047932 0.0124043533552322 0.0180745761079015 0.149902633121237 0.157209379291162 0.128636573366821 0.108772598318756 0.0395096447411925 0.00794398070545867 0.00916523620835505 0.0736891305807512 0.163660780955106 0.0970565935550258 0.2169573706761 0.228472552746534 0.156816585808992 0.0857077449862845 0.114264836017974 0.194551435485482
-9999 -9999 -9999 -9999 -9999 -9999 -9999 -9999 -9999 -9999 -9999 -9999 -9999 -9999 -9999 0.0245362917265418 0.0597136851889081 0.0760857697250322 0.0912835367256775 0.0977513211406767 0.0660311069975432 0.0225923721594154 0.0763280640542507 0.0516667293733917 0.0877080411789939 0.125576731371693 0.0449452388170175 0.00836421059029817 0.0324236430277233 0.0420792218088172 0.0734695798601024 0.127391666257754 0.12474725259468 0.0516513980086893 0.00762078062165529 0.0441501533286646 0.046002602550434 0.0141927617863985 0.125476676654071 0.198148716315627 0.140970729654655 0.192345405630767 0.168406978622079 0.202957236524671 0.153157572946511 0.280856235418469
-9999 -9999 -9999 -9999 -9999 -9999 -9999 -9999 -9999 -9999 -9999 -9999 -9999 -9999 -9999 0.0507523504919697 0.0637384066404775 0.112307509486563 0.171355216279626 0.0272404627209471 0.00925650224053243 0.00343231580103748 0.0535757264820859 0.177761974707246 0.132072058948688 0.117947177896276 0.0179033861526386 0.00722613112760882 0.0963530894840369 0.130265025552362 0.0579991016746499 0.0711873111780733 0.127513146167621 0.0280633849161677 0.00781916975043714 0.101459166728891 0.214036749880761 0.0979241431434639 0.0738920651189983 0.288058688901365 0.233966905511916 0.236846086950973 0.21181165959686 0.248871591631323 0.177992155510001 0.207646865984425
-9999 -9999 -9999 -9999 -9999 -9999 -9999 -9999 -9999 -9999 -9999 -9999 -9999 -9999 -9999 0.0370230375789106 0.144199103023857 0.267890269756317 0.0942115933267633 0.00335535619800794 0.0637331732764142 0.0355866688827518 0.026243903839495 0.108808463457972 0.103818227746524 0.152143858219497 0.03853254035992 0.00700628401755239 0.0478643650875892 0.143806020086631 0.0849351626075804 0.069847469930537 0.0854768384015188 0.0556959212641232 0.129186218315735 0.193926828317344 0.214350211229175 0.276361463926733 0.199681314518675 0.159202647903003 0.134696717141196 0.148140309209703 0.166652509472333 0.166595401316881 0.194387016156688 0.193793263928965
-9999 -9999 -9999 -9999 -9999 -9999 -9999 -9999 -9999 -9999 -9999 -9999 -9999 -9999 -9999 0.0552946161380379 0.0815140423062257 0.029876029996085 0.00503449011346675 0.0126471037398733 0.0383373996983573 0.150774191976525 0.169021303268964 0.0599434530042345 0.0421502140618395 0.0890159604791552 0.0385895222518593 0.00690948713254329 0.0149751999839646 0.0984857466226094 0.0588389271090273 0.0482419526259764 0.0489552679710323 0.130210834034951 0.183980888919905 0.233691357690841 0.267967180367559 0.180138300098479 0.151040461328812 0.0905117078917101 0.166686822832562 0.21714057974983 0.179666226934642 0.290546547919512 0.29368397090584 0.235916229486465
-9999 -9999 -9999 -9999 -9999 -9999 -9999 -9999 -9999 -9999 -9999 -9999 -9999 -9999 -9999 0.0145615349098307 0.0112430822040187 0.0377187133517873 0.0470437948033214 0.0491138697927818 0.215047132694162 0.0955188442347571 0.198926170188934 0.218322357544675 0.184050033949316 0.0956482671294361 0.0435798549512401 0.0143357509222415 0.0133494102561872 0.0151188660977641 0.0113541440365952 0.0137583887216169 0.0236851498065516 0.0153217377362307 0.0178906335344072 0.0151930765793077 0.0433427381201182 0.176724899597466 0.236658382117748 0.26727316506207 0.20918130110018 0.207339536510408 0.168087948523462 0.193613103060052 0.196763465385884 0.276741201188415
-9999 -9999 -9999 -9999 -9999 -9999 -9999 -9999 -9999 -9999 -9999 -9999 -9999 -9999 -9999 0.0022178307497637 0.0794290621497203 0.201259792204946 0.171099643011112 0.227820749823004 0.22308761799708 0.20498747264035 0.162857678364962 0.168809145234991 0.154710121746175 0.153277010899037 0.0725586856529117 0.0119032050613896 0.0322837345651351 0.0895972925517708 0.124719926132821 0.178267503464594 0.143228470236063 0.0687174217356369 0.108215383577626 0.180135350953788 0.179952017657924 0.170243848836981 0.224796603340656 0.249684694614261 0.224690431971103 0.184348826706409 0.24233957182616 0.278392372480594 0.145863404711708 0.094835900561884
-9999 -9999 -9999 -9999 -9999 -9999 -9999 -9999 -9999 -9999 -9999 -9999 -9999 -9999 -9999 0.0119763406451213 0.176216353434138 0.232728501069359 0.215464603947476 0.19274228727445 0.118304692115635 0.116256974218413 0.147725167702883 0.209498387202621 0.227069792170078 0.167546198209748 0.0978314930200577 0.00947335816395935 0.0313314647920197 0.124678046647459 0.194426826499403 0.18548070452176 0.214216055599973 0.122582544763573 0.0636342117097229 0.23147050623782 0.211650599846616 0.269592857658863 0.294827993996441 0.292931367848069 0.289073743410408 0.245824611429125 0.336088303849101 0.314566401429474 0.0665928557596635 0.0191570258606225
-9999 -9999 -9999 -9999 -9999 -9999 -9999 -9999 -9999 -9999 -9999 -9999 -9999 -9999 -9999 0.000791828642832115 0.0244898090703221 0.0778280097432435 0.152845324545633 0.0819965089019388 0.0888059114478529 0.186028226148337 0.337025387138128 0.292902011349797 0.213509907638654 0.108229478616267 0.0471755172591656 0.0179947807459394 0.0546128468040843 0.203888529594988 0.240534754600376 0.269746083952487 0.202052100235596 0.190671776095405 0.0918800511630252 0.230963549241424 0.30477242000401 0.328273124322295 0.293621439207345 0.237318650726229 0.186278830827214 0.170315968608484 0.17481223330833 0.220114561133087 0.118090753918514 0.221389328092337
-9999 -9999 -9999 -9999 -9999 -9999 -9999 -9999 -9999 -9999 -9999 -9999 -9999 -9999 -9999 -9999 0.0145639516865938 0.0382601558278824 0.0616513055702671 0.0856936192698777 0.150333678480238 0.14992115791887 0.261783633492887 0.198992494232953 0.0877279490069486 0.0757659933855757 0.042231368906796 0.0204503002652928 0.0494208450987935 0.27562169926241 0.2181349577941 0.174691930795088 0.087734601869015 0.139152234587818 0.268266275068745 0.29279324118048 0.207651869365945 0.180811772446614 0.14442213492468 0.211885448647663 0.273006408978254 0.260606830399483 0.237458062637597 0.121135200317949 0.229974365383387 0.268748822212219
-9999 -9999 -9999 -9999 -9999 -9999 -9999 -9999 -9999 -9999 -9999 -9999 -9999 -9999 -9999 -9999 -9999 0.00613368861377239 0.0674563830193277 0.1661245462019 0.156626055054367 0.0251336531170333 0.0205016528529916 0.0283590147986875 0.0103902962485639 0.0200637372711427 0.00384141388310941 0.00723763297520526 0.0640798656549305 0.130025407904759 0.0927667465724517 0.184814135832712 0.249782795296051 0.258009702730924 0.154360443982296 0.0491617736779153 0.153696353535634 0.24554975771578 0.315548834428191 0.375086793005466 0.343766194246709 0.229860454164445 0.197179888882674 0.211912852614187 0.223802403733134 0.297156337350607
-9999 -9999 -9999 -9999 -9999 -9999 -9999 -9999 -9999 -9999 -9999 -9999 -9999 -9999 -9999 -9999 -9999 -9999 0.00603985658381134 0.0135812492563242 0.00796869805842442 0.00521679082885385 -9999 -9999 -9999 0.0213322894026836 0.0183291954712735 -9999 0.0449206430930644 0.10472621855072 0.0595732738404686 0.0993359079109315 0.0713528475587202 0.0280587648445802 0.0126417899003718 0.0170951155934017 0.0929564839618979 0.307122183423489 0.275236512348056 0.235542321791872 0.238810006277636 0.213147076647729 0.208379576529842 0.214256187053397 0.33934622105211 0.356227131783962
-9999 -9999 -9999 -9999 -9999 -9999 -9999 -9999 -9999 -9999 -9999 -9999 -9999 -9999 -9999 -9999 -9999 -9999 -9999 -9999 -9999 -9999 0.0195822474958662 0.0374053025960314 0.0580508175014984 0.115001475289464 0.14921391970478 0.202729592918221 0.151297139588536 0.0768716635386227 0.129009206682843 0.050725755142048 0.0440290948673565 0.143038929555284 0.203386073401198 0.140570017452119 0.128137019732967 0.253199940696359 0.263246290329844 0.160893334331922 0.260513482959941 0.24671738746576 0.366995065496303 0.260600742977113 0.272631172444671 0.202233625147492
-9999 -9999 -9999 -9999 -9999 -9999 -9999 -9999 -9999 -9999 -9999 -9999 -9999 -9999 -9999 -9999 -9999 -9999 -9999 -9999 0.0375305391185415 0.0547233131399159 0.134351051826961 0.0853817390045151 0.0903179514920339 0.0912496147304773 0.200368328824406 0.208015228267759 0.0908577798586339 0.153575015338138 0.257295162752271 0.297416402921081 0.29750824406743 0.219602076150477 0.385681573599577 0.321930600050837 0.0465008118492551 0.246813991344534 0.31616053590551 0.259203826673329 0.215041977607179 0.275086389407516 0.286458362471312 0.126390762291849 0.250277014132589 0.136192257562652
-9999 -9999 -9999 -9999 -9999 -9999 -9999 -9999 -9999 -9999 -9999 -9999 -9999 -9999 -9999 -9999 -9999 0.017252869787626 0.0235185567289591 0.125092368518458 0.0806533585500438 0.0733102984260768 0.0668961912920349 0.0303567114344332 0.0247277398384176 0.0250567905791104 0.13781932461774 0.217610409744084 0.153907691705972 0.231415306702256 0.285417483523488 0.299325934648514 0.284094958305359 0.290946266874671 0.429932879656553 0.364187906607986 0.0366128005611245 0.271400083089247 0.294256922528148 0.36409756179899 0.376778983809054 0.282962395176291 0.272925192266703 0.188534919135273 0.26647963042371 0.229503829181194
-9999 -9999 -9999 -9999 -9999 -9999 -9999 -9999 -9999 -9999 -9999 -9999 0.0173219659365714 0.0547380269495176 0.0374551449494902 0.0542249337304384 0.133697529780437 0.0947752766341211 0.0623931174075393 0.0144849884329067 0.0336017496486602 0.0703115591546521 0.0206057064858032 0.133284158250317 0.149485548986122 0.134820920496713 0.105814472790807 0.198998679909855 0.197997948247939 0.207682962343097 0.206204399392009 0.134544200943783 0.253624679017812 0.262320424485952 0.297467348799109 0.344628935754299 0.108429102231748 0.232955612803344 0.18185964146629 0.144350782828405 0.241224927315488 0.398618321344256 0.248423293568194 0.209671884439886 0.243331607170403 0.274366061910987
-9999 -9999 -9999 -9999 -9999 -9999 -9999 -9999 -9999 -9999 0.0140464417636395 0.0507908447438644 0.014541855885677 0.0968729808600619 0.12588176659774 0.295187648171559 0.223478111543227 0.172491804608144 0.0709960189601406 0.0223138341354206 0.024355678804277 0.0598420781525783 0.0190884042951802 0.164511921913363 0.239242402818054 0.17569019978866 0.116689269188792 0.151543554253876 0.239631540887058 0.164077270291746 0.235063527766615 0.309703739667311 0.309282035976648 0.282422443600371 0.180423352662474 0.262054651863873 0.116818953061011 0.174295938265277 0.297398352324963 0.228407374871895 0.3102935308218 0.119894697079435 0.191621500500478 0.195633684862405 0.311819177046418 0.188368774941191
-9999 -9999 -9999 -9999 -9999 -9999 -9999 -9999 -9999 -9999 0.0230276446774319 0.0977446494833566 0.0499310948920902 0.140904837986454 0.0868569074757397 0.13483370481059 0.0649408366496209 0.026488745433744 0.0530104265257251 0.0124115717443055 0.031044291324215 0.00841201132454444 0.0520674378797412 0.147214640192688 0.219075363548473 0.287878977507353 0.171262518633157 0.225212608734146 0.317851282190531 0.350490375757217 0.405503579452634 0.398270783871412 0.383365769088268 0.332740484774113 0.304718454740942 0.239409521147609 0.189983321707696 0.231933346744627 0.261682672165334 0.262910395609215 0.226348499599844 0.162060476653278 0.176647311039269 0.184437086973339 0.187503027878702 0.26575423354283
