data/hab_qual_1000.asc
NCOLS 117 
NROWS 87 
XLLCORNER 110650 
YLLCORNER 6895750 
CELLSIZE 1000 
NODATA_value -9999 
[rows 44 to 65 of 87, columns 49 to 97 of 117]
0.405963643109426 0.465584332980216 0.408441439829767 0.237896172851324 0.20229894336313 0.353014715015888 0.314155991077423 0.304524631500244 0.143667331403121 0.0216191368069849 0.00148694892290223 0.0566206712208805 0.179494263119996 0.214809542447329 0.395635251235217 0.365436938107014 0.330391771569848 0.425784093514085 0.411079841852188 0.445115520711988 0.45875182390213 0.410970057249069 0.370182484090328 0.388183543011546 0.398961782604456 0.178198897014372 0.369264507964253 0.534241312146187 0.419292064905167 0.410665225628763 0.484069367293268 0.468762588202953 0.453212057054043 0.563232459127903 0.51889340698719 0.60880194157362 0.491117311120033 0.30414726597257 0.481556213162839 0.538434871137142 0.419593449532986 0.372800987884402 0.471954556340352 0.335869505628943 0.399355258177966 0.340374060869217 0.318829495254904 0.276932227574289 0.316548105403781
0.204033420830965 0.328799216393381 0.378871941119432 0.333189345188439 0.18454012801405 0.258317053616047 0.180628769025207 0.188019708059728 0.174274196056649 0.0824285102065187 0.0378811697880155 0.0659982619297807 0.217240544334054 0.275102233411744 0.381805199086666 0.537403187453747 0.447509234249592 0.485687730591744 0.446683080121875 0.187431330829859 0.227469102684408 0.42095239892602 0.590096314251423 0.608234954476357 0.468171953558922 0.31845002040267 0.450095132291317 0.512480118572712 0.486991562247276 0.50181979900226 0.463352683680132 0.469358919523656 0.541350679993629 0.542872225344181 0.459312666263431 0.498492145985365 0.549626538418233 0.443257667338476 0.221516046747565 0.585747294798493 0.529544013440609 0.367169055044651 0.334745684117079 0.316790899150074 0.338316024690866 0.362288128808141 0.295615501943976 0.359098648373038 0.497380039356649
0.176345310732722 0.219272800832987 0.288089354336262 0.285817972123623 0.158856435888447 0.141908021178097 0.0270095837834015 0.0110385206944193 0.0673934096540324 0.0992182674072683 0.0476058687572367 0.0856169098045211 0.165416417345405 0.302481810152531 0.32806059954688 0.397705898880959 0.483435547351837 0.423313886635005 0.318033462306485 0.31162998624146 0.210691124759614 0.397810922712088 0.526438207924366 0.512631136476994 0.482693981230259 0.335384742617607 0.412784300744534 0.497465794309974 0.509058972597122 0.382367939800024 0.511262603960931 0.547161382436752 0.594761161804199 0.592385960221291 0.562379803955555 0.558586111664772 0.531701936721802 0.505397225543857 0.178893546573818 0.350637082215399 0.312365076430142 0.375962285548449 0.33594130362384 0.272318082861602 0.294918447863311 0.42354928188026 0.320966595895588 0.351042588986456 0.35867326438427
0.174389386475086 0.17992872252129 0.148444194123149 0.103282691352069 0.0825387363508344 0.07642324231565 0.0378615684817487 0.000935186844071723 0.000863566692860331 0.00680485523422249 0.039354133073939 0.111661643693224 0.24957502245903 0.434167899489403 0.468538797721267 0.392577585186809 0.504948070049286 0.470816385541111 0.368549612760544 0.28404655566439 0.328395494222641 0.356550948992372 0.44007579177618 0.528688651174307 0.531851086616516 0.44631681650877 0.3839945936203 0.460962713062763 0.453961207866669 0.50006399512291 0.577231897115707 0.55967660009861 0.553910992443562 0.456029133275151 0.503561146855354 0.383947203848511 0.425756434500217 0.497121965885162 0.470577608197927 0.350539477486163 0.140244083169382 0.18376862837933 0.238759471587837 0.193964401269332 0.149623417444527 0.264025630541146 0.257102581262589 0.275129306335002 0.355455714464188
0.224212175942957 0.25988186635077 0.261668793410063 0.218760333284736 0.160030515864491 0.177459368007258 0.0851478737452999 0.0308569980133325 0.00270433354948182 0.00135810588122695 0.0149243295806809 0.142096158276545 0.356847971975803 0.561704598665237 0.473101023957133 0.452777870018035 0.523960015624762 0.566560752391815 0.446256076097488 0.432915444113314 0.385171988625079 0.443892402630299 0.569136245250702 0.520467801988125 0.494425197690725 0.547666597217321 0.498242796063423 0.390661756396294 0.442229063510895 0.553798416554928 0.552388678789139 0.475692173726857 0.53818624034524 0.465152304917574 0.396769187152386 0.384577372223139 0.403121817708015 0.405868117064238 0.357306950688362 0.346615338306874 0.179326752386987 0.0761569260642864 0.140594394765794 0.260710768699646 0.272960290946066 0.286440662927926 0.28533699914813 0.330172967910767 0.375388089418411
0.245714871101081 0.392490698508918 0.394651848711073 0.371058739339933 0.29831355214119 0.203466960149817 0.0965551173686981 0.111984954939689 0.088827610546723 0.00769820204237476 0.00354322688246611 0.0905650444305502 0.345007257834077 0.472652520239353 0.337304152138531 0.499926840960979 0.597510243393481 0.670057195425034 0.608314993679523 0.666354871466756 0.706923453807831 0.593200502097607 0.542032774984837 0.480162070542574 0.498220026865602 0.577893735766411 0.62646815687418 0.523074333667755 0.452831162381917 0.583890919983387 0.557516988217831 0.519367013350129 0.424499582387507 0.452093352973461 0.453153228238225 0.301444641510025 0.308695468576625 0.35075840447098 0.27069854750298 0.228742822529748 0.149907379075885 0.143325119563378 0.0915650319494307 0.329906547768042 0.399787316322327 0.2597775477916 0.320221226811409 0.495549146234989 0.479296130090952
0.297118978239596 0.318529273015447 0.379417721070349 0.400353399571031 0.335065041678026 0.186208713315427 0.1598454925837 0.215057405680418 0.24169932320714 0.163334552857559 0.00455473433874431 0.0309450110312901 0.194597338603344 0.305286015728489 0.316465057265013 0.55618474572897 0.521704378426075 0.626912583112717 0.71979522228241 0.663242757432163 0.652903676331043 0.530016083754599 0.553514404594898 0.548564113974571 0.59648448901251 0.509255529269576 0.609749522209167 0.512588869556785 0.518103505857289 0.570577328503132 0.569249964058399 0.528552514798939 0.210207570157945 0.440838241185993 0.44945781826973 0.288512948052958 0.223427612120286 0.288242241945118 0.247347527146339 0.219229383021593 0.139580708122812 0.0963090254669078 0.131682945778593 0.315188650079072 0.396713218400255 0.338866085335612 0.311058195531368 0.431020776480436 0.413830345608294
0.328254213631153 0.322237581117079 0.238938577789813 0.434641904924065 0.308592598391697 0.148873786050826 0.381866371631622 0.370413628518581 0.375159891210496 0.378811876475811 0.0435687048095861 0.00487485730220215 0.0778275140932237 0.181428582556546 0.292733634263277 0.485224476158619 0.507441251277924 0.52272383749485 0.606470491290092 0.63898102581501 0.624282827973366 0.475595894902945 0.613376919496805 0.633463556244969 0.616559467017651 0.449862277023494 0.602789872586727 0.583769548386335 0.556782849729061 0.586747036576271 0.549629776403308 0.536857004854828 0.478980560582131 0.468409595601261 0.453375605493784 0.342896412014961 0.305810162238777 0.329118755515665 0.225691100507975 0.158745314329863 0.126226505297236 0.0741562286671251 0.150691861473024 0.300815211692825 0.273407838372514 0.216417054012418 0.258048022463918 0.398769627809525 0.416002763062716
0.381836154311895 0.360450085513294 0.302671890705824 0.453330480605364 0.228614551285282 0.25348180337809 0.495974011085927 0.426280052214861 0.423220953829587 0.389680823981762 0.159035289031453 0.00470202525306377 0.016117559812119 0.125518122976064 0.34474478289485 0.560723737180233 0.524805432856083 0.519069130718708 0.540278353355825 0.626234317719936 0.618718855381012 0.547858106940985 0.612928181290627 0.572787476535887 0.625457339584827 0.575074304528534 0.632730727791786 0.586153533831239 0.475491800121963 0.565679809451103 0.578254978656769 0.538094990700483 0.53434322193265 0.469488948583603 0.436270557045937 0.340233383383602 0.382803427129984 0.342008267063648 0.241045909002423 0.166780461976305 0.140513846240938 0.0970299633219838 0.1393505455181 0.129042403511703 0.239668310135603 0.239181951209903 0.31795524045825 0.369421396553516 0.346151230037212
0.44186762034893 0.371628309860826 0.267731790756807 0.322814009217545 0.187128640315495 0.31373174098786 0.42088835760951 0.355308429095894 0.365109213963151 0.293777285832912 0.282381867570803 0.0375149959119153 0.00308816778691835 0.0417813338086125 0.285011471360922 0.505838360786438 0.508010066747665 0.496685017347336 0.569055428504944 0.632881802618504 0.619526083320379 0.655690752267838 0.665073209702969 0.592311706840992 0.59140691395849 0.560229722522199 0.531506858691573 0.442649556547403 0.421695532687008 0.510662379674613 0.595821624957025 0.511607833094895 0.478267522100359 0.47987158447504 0.463428856022656 0.396834356207401 0.318187150508165 0.434941217396408 0.364990729615092 0.192684736400843 0.134217605059966 0.0682773177063791 0.0653063847310841 0.117503980954643 0.209738203287125 0.300318783372641 0.371965828239918 0.421423772126436 0.369678461104631
0.495134049747139 0.309772865241393 0.383753278683871 0.450343117788434 0.337499289140105 0.289045691960491 0.492414462864399 0.480637157168239 0.512318792641163 0.267545267418027 0.333387974109501 0.231139124874026 0.0186582046460535 0.00588082889713405 0.0927558198659972 0.311824269741774 0.520966792106628 0.579668405950069 0.57856298148632 0.612535673379898 0.574526142477989 0.610993232913315 0.666302621662617 0.575834650620818 0.611078672632575 0.623337808251381 0.565908457003534 0.56335570037365 0.5483733060956 0.387823159582913 0.640674170851707 0.552158604003489 0.503708236217499 0.438085224330425 0.440205934941769 0.386085645258427 0.403662162330002 0.397283759117126 0.273122201208025 0.208392600773368 0.0648818980995566 0.126907125418074 0.175724183395505 0.19711197745055 0.224418045654893 0.347869624570012 0.355025786161423 0.544647424072027 0.331694302130491
0.493232710361481 0.461538680354133 0.510377957113087 0.428301784545183 0.315450720572844 0.23829092938453 0.413517409861088 0.456778895817697 0.377891054004431 0.339472255278379 0.384984103627503 0.314013207554817 0.0925558554125018 0.000514669051481178 0.0333040793471446 0.212900262698531 0.379963464438915 0.475625468492508 0.656260269880295 0.660796219483018 0.57295072644949 0.607564192116261 0.678734311163425 0.601742972712964 0.594260050877929 0.624583878554404 0.467092990726233 0.591872218921781 0.595331224054098 0.411364627107978 0.624978217482567 0.511731353439391 0.457636640109122 0.37404923517257 0.400021184869111 0.453802062124014 0.46343631118536 0.427926661968231 0.237599899009801 0.136781735946424 0.0575560884969309 0.0885688067600131 0.128786894232035 0.136913283839822 0.182206334099174 0.380071790665388 0.406942464858294 0.399866621345282 0.41993039727211
0.407151148840785 0.559043308533728 0.493938827682286 0.449019467961043 0.281980002741329 0.159499865248799 0.180541133799125 0.376573851555586 0.352816357836127 0.391556135546416 0.421105358563364 0.240017780810595 0.115985851164442 0.0068284962666803 0.00352575631084619 0.160234307665378 0.288255025148392 0.461215393841267 0.566580610871315 0.672131582573056 0.627705899700522 0.652420959621668 0.655385325551033 0.640799510031939 0.676825770065188 0.671864075511694 0.642701022475958 0.567285456359386 0.615175440981984 0.380710440333933 0.58155811265111 0.497799209654331 0.284315257295966 0.187581688454375 0.315632603913546 0.483724495470524 0.453259967956692 0.517660007178783 0.238920334829018 0.308927555307746 0.280843403786421 0.146293669939041 0.134436192587018 0.19927994761616 0.152126701548696 0.158485542759299 0.228537701070309 0.315680698603392 0.341734577268362
0.493502423204482 0.585366182625294 0.533173695206642 0.534855066537857 0.156792112404946 0.0157227439037524 0.0972272755252197 0.176758502116427 0.171939757233486 0.270058833286166 0.411852120794356 0.265711744278669 0.165253203648608 0.0184000635903794 0.000216668055363698 0.0890068942433572 0.336671730875969 0.413738240450621 0.453418884314597 0.567937232311815 0.604844742417336 0.604406654238701 0.683888422846794 0.711440025568008 0.71093442864716 0.571219699457288 0.590365089848638 0.633513012081385 0.635811112821102 0.514579419121146 0.388835808336735 0.410366584770381 0.387406335920095 0.326920546190813 0.418140259049833 0.487225365228951 0.566470362246037 0.56124063514173 0.420826306976378 0.425294207576662 0.434277445077896 0.213306351192296 0.161926560802385 0.264587380886078 0.252604111731052 0.192474245976191 0.129696355871856 0.145255466215312 0.173834659159184
0.423488386273384 0.425469733234495 0.46217795573175 0.447513269633055 0.438545718193054 0.217156289350241 0.150839327035937 0.0869534956745338 0.0618316842417698 0.10188278477639 0.267222340330482 0.261013764962554 0.126008592769504 0.0114174549543532 0.00114964622138359 0.0725550531179761 0.288434893060476 0.431490154862404 0.454523857235908 0.560855114161968 0.498073361106217 0.555865638069808 0.66883508361876 0.702381858825684 0.639322303235531 0.659800711870194 0.629667198359966 0.602163557708263 0.611523397937417 0.621936616003513 0.588817876577377 0.513573548793793 0.482132906615734 0.565837156176567 0.627107887193561 0.626775707006454 0.59351281940937 0.493551916778088 0.274018114805222 0.342118920967914 0.410021640658379 0.289522614767775 0.176805607508868 0.227565145418048 0.316561252125539 0.311376438885927 0.210487300157547 0.0853137439349666 0.13178610034287
0.356287805885077 0.398136320486665 0.352397588714957 0.427035836298019 0.4353963971138 0.443880597651005 0.433069938868284 0.310733711812645 0.0962480723112822 0.107337786778808 0.12848793849349 0.12046858638525 0.0786948973149992 0.012689724341617 0.00466806414609891 0.043628389860387 0.28179637696594 0.419999826550484 0.370172993838787 0.517300632894039 0.563193271681666 0.619743968546391 0.628527310490608 0.710947371721268 0.65477603584528 0.599450456332415 0.630865204036236 0.552883643805981 0.519165444821119 0.326217725127935 0.588654858395457 0.588107757624239 0.486819318141788 0.572559475600719 0.621416634619236 0.559003266990185 0.441254667080939 0.26340432677418 0.454024114869535 0.46952484279871 0.342591490829363 0.340953482333571 0.28371819678694 0.151777940802276 0.179647356458008 0.178901581950486 0.130017818815541 0.0477307428698987 0.163664087473881
0.232282285629772 0.24869272345677 0.257344413995743 0.347872074991465 0.452717918455601 0.378655334562063 0.45705465875566 0.420517809465528 0.167740797074512 0.145199601629283 0.182801881805062 0.0932997620105743 0.0290040097286692 0.00340595109213609 0.00363007056163042 0.00926774670602754 0.138461453178897 0.332498034238815 0.332020262628794 0.449531331658363 0.477165102362633 0.583673215508461 0.611597416102886 0.63979809910059 0.60337199293077 0.633856220059097 0.627623753994703 0.409145810827613 0.604667586386204 0.619808610677719 0.568035702630878 0.642831251323223 0.508134849369526 0.597028910517693 0.579802300222218 0.412858115881681 0.435717775449157 0.5658554790169 0.636482630372047 0.492338417116553 0.267803540350869 0.409665371477604 0.33115052074194 0.20485908716917 0.203680903539062 0.0849397800117731 0.0999965247325599 0.0773431150335818 0.130422764904797
0.152115834914148 0.219271026551723 0.238269541859627 0.310898365490139 0.273157183229923 0.301216266602278 0.319712619483471 0.457761238664389 0.269933629622683 0.18582699917024 0.169793542474508 0.070748111885041 0.0198363670730032 0.00483873805642361 0.000513453504972858 0.00368475791830861 0.0480469758156687 0.249348908364773 0.327824365645647 0.374037789106369 0.548959194719791 0.40880858162418 0.542382189333439 0.576243030130863 0.575047202855349 0.650791961103678 0.66524863794446 0.526491681821644 0.552857899814844 0.559492826759815 0.620061600767076 0.612565816789866 0.383061328083277 0.467210436165333 0.517502653710544 0.43962596565485 0.580156503394246 0.527120997384191 0.653775456547737 0.407981273094192 0.2498036928894 0.38770313963294 0.468971062302589 0.319852733165026 0.127870746479603 0.0679367253440432 0.0773234123550355 0.0322845983452862 0.058751869071275
0.159876651912928 0.16426089502871 0.12261732801795 0.220801121778786 0.298064025342464 0.258617640919983 0.226973590031266 0.414348830357194 0.284067423120141 0.142674543112516 0.069762552670436 0.0599729896872304 0.035798375280574 0.0306402690825053 0.00963567018829053 0.00143235491341329 0.00875860750980792 0.137119477260858 0.208519717752934 0.286031790971756 0.395312797110528 0.263968093134463 0.499046123623848 0.541780986487865 0.652802472114563 0.615659587979317 0.657399706467986 0.642538339160383 0.634882066771388 0.657908101305366 0.631759751737118 0.503200179934502 0.358935968279839 0.549540142714977 0.555528646148741 0.62436966907233 0.675641002058983 0.672891384661198 0.683800203800201 0.38678992703557 0.452036937647499 0.442742654816248 0.401783564016223 0.360226045250893 0.211845728009939 0.0970818156003952 0.0624033350497484 0.0195263340207748 0.0426796343585011
0.072628731969744 0.127556593120098 0.148739819303155 0.149302810542285 0.221636015959084 0.280051426067948 0.163669795207679 0.204711249992251 0.111884783804417 0.0821423977264203 0.116800747585949 0.0737388037145138 0.06746696382761 0.0695837192609906 0.0346446737350198 0.00131498602524516 0.00214571484335465 0.0193706767278491 0.11875060044229 0.286410056110471 0.291728637684137 0.306474013514817 0.495775205977261 0.52507236674428 0.598412253856659 0.569671297967434 0.609624948576093 0.57359946615994 0.617632917612791 0.68270066395402 0.6481681881845 0.313785782400519 0.572722114026546 0.610885970592499 0.602227272391319 0.65388930618763 0.525488456338644 0.660864469110966 0.670417302250862 0.532146938741207 0.545093235969544 0.558111493289471 0.407401068359613 0.322549555301666 0.202674075625837 0.107344970293343 0.0840871125087142 0.0666733979922719 0.0990739495493472
0.023122326573357 0.061989865321666 0.0764657059498131 0.10734932160005 0.186465840674937 0.147050871839747 0.0932403158140369 0.106761364135891 0.175908834710717 0.235573488057125 0.153454616852105 0.0533907896280289 0.0756119567900896 0.083881827890873 0.0497042447514832 0.018714723046578 0.00237673648342025 0.00327933098189533 0.0267703830154278 0.0970811958238482 0.125847244858742 0.2816687977314 0.379839111445472 0.516423233747482 0.574625467061996 0.513755585700273 0.52799654558301 0.593027959950268 0.649303281642497 0.642144718766212 0.407227043882012 0.427520303176716 0.662683755159378 0.687750443816185 0.638392714858055 0.566805209033191 0.609878124371171 0.67580463707447 0.590895909927785 0.418501958753914 0.475727266408503 0.452748522572219 0.533154231905937 0.555434006154537 0.322250018958002 0.138783767819405 0.172271057441831 0.0984124981611967 0.116307344809175
0.00416478701430606 0.0149705967016052 0.0409621082228841 0.0594053573766723 0.0882160287164152 0.110584224369377 0.0898463670746423 0.208684549555182 0.26165900118649 0.256840713210404 0.130432626879774 0.0613731779786758 0.105692634321749 0.0917754491046071 0.0588233384117484 0.0335720931179821 0.0121383271113154 0.0030054578409181 0.000384872509785055 0.00761284183477983 0.0558291085157543 0.179568123593926 0.313405316919088 0.440670357048511 0.509748796075583 0.482272901535034 0.507985800802708 0.540965869426727 0.653912262618542 0.512853020131588 0.430994343459606 0.638191297054291 0.663238072395325 0.686244977712631 0.632765751555562 0.562470242641866 0.632988310009241 0.686751889586449 0.71723301410675 0.571257297433913 0.32031467422843 0.524989674389362 0.452801764309406 0.519966924786568 0.326696829870343 0.135490273721516 0.125188117139041 0.0532285451702774 0.0625649918243289
