data/hab_qual_200.asc
NCOLS 586 
NROWS 434 
XLLCORNER 110250 
YLLCORNER 6895950 
CELLSIZE 200 
NODATA_value -9999 
[rows 132 to 153 of 434, columns 100 to 149 of 586]
0.00277836649911478 0.00116341888497118 0.000973843416431919 0.000781108828959987 0.000398925170884468 0.00018026820544037 7.18489091013907e-05 3.12589186250989e-05 1.45546562180243e-05 1.83325387297373e-05 3.04959576169495e-05 5.31765945197549e-05 7.39894367143279e-05 8.55702255648794e-05 6.7763302467938e-05 5.61185170226963e-05 4.74862299597589e-05 8.07811065897113e-05 0.000117602377940784 0.000196428041817853 0.000330836504872423 0.000790057965787128 0.0015284139662981 0.00183484383160248 0.00241559941787273 0.00257383420830593 0.00606589415110648 0.00767677114345133 0.00794971571303904 0.00890616979449987 0.00895598530769348 0.0169226450379938 0.0177363341208547 0.0338446041569114 0.0491816867142916 0.0564699601382017 0.0274751042015851 0.0261094467714429 0.0501993615180254 0.0418529575690627 0.0414406713098288 0.064046461135149 0.0688630305230618 0.0665503591299057 0.0681958924978971 0.0573368286713958 0.0483894729986787 0.0625154133886099 0.0509459991008043 0.0417498638853431
0.00382692494895309 0.00122199364705011 0.00116533506661654 0.000865432302816771 0.00046682058746228 0.000222158298129216 9.49617533478886e-05 4.84923748444999e-05 2.5143197944999e-05 3.49271099366888e-05 5.73406978219282e-05 9.95850459730718e-05 0.000158275219291681 0.000178988877451047 0.000141290420287987 0.000109372840597644 8.58657913340721e-05 0.000118952018965501 0.00015248691488523 0.000183743690286065 0.000275451719062403 0.000638667421299033 0.000980916840489954 0.00136498300707899 0.00192413406330161 0.00259502121480182 0.00611857196781784 0.00972038588952273 0.0107257773634046 0.008137391298078 0.00734955002553761 0.0114826213102788 0.0153987493831664 0.0225556213408709 0.0345477191731334 0.0527765331789851 0.0372111489996314 0.0201472397893667 0.039370980579406 0.0609865020960569 0.040625880472362 0.0634667379781604 0.0659158248454332 0.0673226248472929 0.0730180088430643 0.0393675761297345 0.0405441289767623 0.0440189214423299 0.0466746320016682 0.0538885565474629
0.00810715038096532 0.003245181433158 0.00187246719724499 0.00104893633397296 0.000567783703445457 0.000282776891253889 0.00013201968249632 6.781129832234e-05 5.89682667850866e-05 9.05993674678029e-05 0.000154225128426333 0.000278354091278743 0.000404096914280672 0.000452716689324006 0.000383696795324795 0.000296746788080782 0.000229864741413621 0.000193699834198924 0.000212106147955637 0.000350495385646354 0.000301128005958162 0.000608058493526187 0.0011014690680895 0.00173079987871461 0.00235382010578178 0.00356532499790774 0.00737744686193764 0.00588696578051895 0.00819550466258079 0.00736782792955637 0.00728937867097557 0.0121153967920691 0.0108932894363534 0.0243940367363393 0.0302195819094777 0.0312807068694383 0.0493142907507718 0.0107276432681829 0.0317052151076496 0.0623590890318155 0.0348462541587651 0.0671738516539335 0.0787265971302986 0.0753164421766996 0.0837777554988861 0.0744536323472857 0.0298761315643787 0.0612911218777299 0.0590356262400746 0.0422469908371568
0.00587050546891987 0.00305156910326332 0.00185982449329458 0.00106174634129275 0.000570985313970596 0.000289671435893979 0.00014150702918414 8.87889873411041e-05 8.86876005097292e-05 0.000147465523696155 0.000261546843830729 0.000469870836241171 0.000681588760926388 0.000734541317797266 0.000640422658761963 0.000536248749995138 0.000396252318751067 0.000338776844728272 0.000256666044151643 0.000344963307725266 0.000467205114546232 0.000535459723323584 0.000834888443932869 0.00144692670437507 0.00206439633620903 0.00385186489438638 0.00455350987613201 0.00566287792753428 0.00667085871100426 0.00754206394776702 0.00882323202677071 0.018160117790103 0.018376556225121 0.0231942723039538 0.0359111707657576 0.0101652117446065 0.0258355948608369 0.0250885814893991 0.0354839847423136 0.0237050431314856 0.017214366234839 0.0693153264001012 0.0794602986425161 0.0697618527337909 0.0699657215736806 0.0521404389292002 0.0274901473894715 0.0303325769491494 0.0580717250704765 0.0439251493662596
0.00403547653695568 0.00348260288592428 0.00260688655544072 0.00161983192083426 0.000755040469812229 0.000325829540088307 0.000181017810973572 0.000144632398587419 0.000182159514224622 0.00033771459129639 0.000616511824773625 0.00172408245271072 0.00252934277523309 0.00248423969605938 0.0022979395580478 0.00202587575768121 0.000680447978083976 0.000612358453508932 0.000482540985103697 0.000350254813383799 0.000434459201642312 0.00106584143941291 0.00093263853341341 0.0012616487510968 0.00219997676322237 0.00310800189618021 0.00500355975236744 0.00777550344355404 0.00866872910410166 0.0103699681349099 0.0171204744838178 0.0282033770345151 0.0272528191562742 0.029237168142572 0.0182052433956414 0.0193112485576421 0.0561804482713342 0.0649676639586687 0.0695449840277433 0.0462557612918317 0.0287587489001453 0.0930467322468758 0.11679595708847 0.0972990468144417 0.0952535904943943 0.0697238054126501 0.0318852346390486 0.0496584037318826 0.0853922190144658 0.0985313169658184
0.00500914175063372 0.00353435752913356 0.00235015450743958 0.00134338090720121 0.000466341647552326 0.000183978656423278 0.000102460124253412 0.000111358469439438 0.00018373766579316 0.000387723885069136 0.000918630772503093 0.00236690533347428 0.00335480866488069 0.00326252134982497 0.00306946702767164 0.00291546044172719 0.00102718493144494 0.000898935802979395 0.000672210371703841 0.00049096059956355 0.000447011421783827 0.00127781383343972 0.00107590745028574 0.00102225445152726 0.00150681589730084 0.0029948094743304 0.00541394320316613 0.00689341546967626 0.0108721721917391 0.0109432835597545 0.0220439380500466 0.0314364349469543 0.036762747913599 0.0267394753172994 0.0315646603703499 0.0353326755575836 0.0183985072653741 0.0595866180956364 0.0694047566503286 0.0347931603901088 0.0532504916191101 0.0807720301672816 0.112160494551063 0.1019954290241 0.105969732627273 0.0404921676963568 0.0825449544936419 0.0801779367029667 0.0902237985283136 0.135399915277958
0.010401924722828 0.00397196266567335 0.00165217093308456 0.000606500267167576 0.000242371592321433 9.82127639872488e-05 6.46365169814089e-05 8.40443335619057e-05 0.000193597537872847 0.000491072860313579 0.00118522539560217 0.00362821610178798 0.00431645102798939 0.0042568797362037 0.00410558836301789 0.00399764248868451 0.00157326098997146 0.001370383950416 0.00113151235564146 0.000788302277214825 0.000560842898266856 0.00139531033346429 0.00113030443026219 0.00100809676223435 0.00121188872435596 0.00179364110226743 0.00473641930148005 0.00632522301748395 0.00838369829580188 0.0132432470563799 0.0185908637940884 0.0261484645307064 0.0327937114052474 0.0402391352690756 0.0325591708533466 0.0160291213542223 0.0140900576952845 0.0475719682872295 0.0385399707593024 0.0476991096511483 0.0383532210253179 0.113791031762958 0.091418731957674 0.0935944961383939 0.111663615331054 0.0653099985793233 0.0424043359234929 0.0771517381072044 0.0995779344812036 0.0384343028999865
0.00594228866975754 0.00265388027764857 0.00121589234913699 0.000396020121115725 0.000139246840262786 5.47315748917754e-05 3.66987396773766e-05 7.36308675186592e-05 0.000213931172766024 0.000646509040961973 0.00170469234581105 0.00515152816660702 0.00611589243635535 0.00611925346311182 0.005272526293993 0.00510135537479073 0.00198718113824725 0.00195290223928168 0.00161022742395289 0.00124145569861867 0.000931178932660259 0.0010983706015395 0.00135097204474732 0.00107991513505112 0.00100508409377653 0.00142793968552724 0.00391102791763842 0.00618293916340917 0.00840571790467948 0.011313003487885 0.0143139658030123 0.0238980948925018 0.0218832255341113 0.0518443427281454 0.0114258353132755 0.00879302644170821 0.0125837053637952 0.013605902902782 0.0363974650390446 0.0512791220098734 0.0470321141183376 0.0903055174276233 0.0958870211616158 0.0849001538008451 0.0359881846234202 0.0377401802688837 0.0422949232161045 0.0925079248845577 0.0588031224906445 0.0370567943900824
0.00591790041653439 0.00221341947326437 0.00095474865520373 0.000253699592576595 7.9507024565828e-05 2.95668951366679e-05 2.476087274772e-05 5.95680985497893e-05 0.000214002564462135 0.000652955342957284 0.00214870847412385 0.00592676911037415 0.00757602858357131 0.0072305629728362 0.00582609581761062 0.00577697565313429 0.00238334451569244 0.00239266012795269 0.00212142628151923 0.00175947218667716 0.00132844602921978 0.00166415426065214 0.00129868424846791 0.00102202188281808 0.00192412940668873 0.00198951584752649 0.00385034101782367 0.006050985888578 0.0082713644951582 0.00965787377208471 0.013239820022136 0.0246102563105524 0.0248580258339643 0.0225967101287097 0.0341546528507024 0.00880499510094523 0.0184233086183667 0.0139384141657501 0.0252762262243778 0.0371063058264554 0.0469046370126307 0.0377216842025518 0.0442730654031038 0.0463539119809866 0.073901136405766 0.0470228604972363 0.0335791828110814 0.0657395031303167 0.0816245516762137 0.0492461491376162
0.00329670100472867 0.0021223017538432 0.000804941155365668 0.00022565595281776 7.1559863499715e-05 2.98980057777953e-05 4.60003666375997e-05 0.000134548405185342 0.0004697248514276 0.00163394073024392 0.00479419331531972 0.0118755560833961 0.0141272931359708 0.0116574792191386 0.0142376928124577 0.0115612524095923 0.00534095871262252 0.0051547500770539 0.00475981715135276 0.00419298023916781 0.00342661386821419 0.00257621458149515 0.00224165528197773 0.00134475983213633 0.00212210035533644 0.00234588660532609 0.0034681663964875 0.00447266642004251 0.00604213634505868 0.00681922747753561 0.014045026851818 0.0225288448855281 0.0168921980075538 0.0192412370815873 0.0270631476305425 0.0231220123823732 0.0772732114419341 0.0298937703482807 0.0151898714248091 0.0163455703295767 0.0323103908449411 0.0405854033306241 0.0189395083580166 0.0648441500961781 0.0392620414495468 0.0527970632538199 0.066435044631362 0.0738230897113681 0.057912714779377 0.112544612959027
0.00352314545307308 0.00189960320130922 0.000821449808427133 0.000289130657620262 0.000105873630673159 6.02831078140298e-05 0.000112737568997545 0.000273517682217062 0.000954605362494476 0.00276293026399799 0.00616997294127941 0.013221247587353 0.0139436041936278 0.0137150371447206 0.0163416988216341 0.0134149396326393 0.00546441308688372 0.00603261240758002 0.00572431192267686 0.005285773309879 0.0046291786711663 0.00331081025069579 0.00310310558415949 0.00228671246441081 0.0023012614401523 0.00253560260171071 0.00416688871337101 0.00500365905463696 0.00596324936486781 0.00836092326790094 0.0093633298529312 0.0128090032376349 0.0170280688907951 0.017008007504046 0.0202921968884766 0.0277875638566911 0.0614252621307969 0.0872623361647129 0.0566368335857987 0.0183637151494622 0.0261134360916913 0.0352253513410687 0.0191493174934294 0.0378928622230887 0.0522240661084652 0.0586505569517612 0.0777757400646806 0.0577112110331655 0.0590186780318618 0.156971149146557
0.00309594516875222 0.00358493989915587 0.0011055099312216 0.000381801735784393 0.000192563988093752 0.000130197664475418 0.000308401187794516 0.000687539228238165 0.00240321893943474 0.00602806167444214 0.0115534903015941 0.0169204846024513 0.0181041090982035 0.014071597950533 0.0127993102651089 0.0128142875619233 0.00928338163066655 0.00680960400495678 0.00659016973804682 0.00628750619944185 0.00581619970034808 0.00502978719305247 0.00484210869763047 0.00468625756911933 0.00479522172827274 0.00522111367899925 0.00521014316473156 0.00583885365631431 0.00626100914087147 0.00682260270696133 0.00805124046746641 0.0134074802044779 0.0182675158139318 0.0334197976626456 0.0234300107695162 0.0264376406557858 0.0610040919855237 0.0530506521463394 0.084799237549305 0.0438761468976736 0.0377824967727065 0.0765623888000846 0.0498199239373207 0.0637409631162882 0.0542074404656887 0.0622473647817969 0.0597151629626751 0.0613567605614662 0.0627633472904563 0.140264378860593
0.00456819083774462 0.00203930967836641 0.00111635337816551 0.000624334701569751 0.000352709823346231 0.00033857292146422 0.000787242279329803 0.0015727345016785 0.00508814526256174 0.00910325767472386 0.0113773804623634 0.0202768282033503 0.0183655456639826 0.0155327508691698 0.0150253272149712 0.0121458501671441 0.010543059790507 0.00714935024734586 0.00736569799482822 0.0076131783425808 0.0078845516545698 0.00618875573854893 0.00607796432450414 0.00633805128745735 0.00670170865487307 0.00689776439685374 0.00629817566368729 0.00637957907747477 0.00655648508109152 0.0066396213369444 0.00753170624375343 0.0124460172373801 0.0148885191883892 0.0187953962013125 0.0235577239654958 0.0215533480513841 0.0642452221363783 0.0681835291907191 0.0744062187150121 0.0715618235990405 0.082777101546526 0.0919633759185672 0.0495195621624589 0.0480188764631748 0.0548154292628169 0.0452369293197989 0.0604974366724491 0.062173749320209 0.0650823898613453 0.110286748036742
0.00357090082252398 0.00305018667131662 0.00144620556966402 0.000779398462327663 0.000659780198475346 0.000779743655584753 0.00201940874103457 0.00393414223799482 0.00979784061200917 0.0127446134574711 0.0156057137064636 0.0211796923540533 0.023744132835418 0.0178350489586592 0.0168283311650157 0.0169450044631958 0.0105816274881363 0.00861674302723259 0.00758749106898904 0.00770283117890358 0.00789915351197124 0.00728249666281044 0.0074555886676535 0.00760598806664348 0.0081668240018189 0.00848879083059728 0.00824813859071583 0.00724225980229676 0.00708425184711814 0.00884470320306718 0.00922157161403447 0.0120282999705523 0.0143426891881973 0.0170082934200764 0.0230482276529074 0.0241620545275509 0.101968941278756 0.0490621915087104 0.0774568784981966 0.0592866409569979 0.0977522879838943 0.138786431401968 0.0697527816519141 0.0912401080131531 0.0447191745042801 0.0456995787099004 0.0611101044341922 0.0628114547580481 0.0642897170037031 0.060417402535677
0.00311596752726473 0.0057118134573102 0.00309823668794706 0.00183034475776367 0.00168956219567917 0.0024726577103138 0.00539360725088045 0.00762261974159628 0.0143950658384711 0.0183173893019557 0.0211870986968279 0.0194249448832124 0.0259003415703773 0.0172262117266655 0.00682582787703723 0.0166026919614524 0.0112673715339042 0.0117714577354491 0.00953318690881133 0.0108638524543494 0.00977370399050415 0.0155298016034067 0.0145236137323081 0.014950207201764 0.0156766509171575 0.0162383280694485 0.00892489752732217 0.00888819014653563 0.00810680445283651 0.00834946311078966 0.0102641518460587 0.0157906932290643 0.0168852764181793 0.0222723740153015 0.0268992464989424 0.0324369263835251 0.0312505355104804 0.0402605193667114 0.0373137956485152 0.0395879922434688 0.0613712361082435 0.127012725919485 0.10917941480875 0.0511715300381184 0.0402329871430993 0.0432088179513812 0.0553722279146314 0.0569241559132934 0.0591627964749932 0.0547606330364943
0.00256966004963033 0.00371191918384284 0.00191146432189271 0.00221738833351992 0.00249337690183893 0.00371451489627361 0.00736240204423666 0.00975951016880572 0.0157245635055006 0.019276681356132 0.0221851784735918 0.0237929155118763 0.0260833282954991 0.0142750790109858 0.0114798418944702 0.0149672175757587 0.00816633750218898 0.00962355325464159 0.00868344702757895 0.00991088582668453 0.00996052566915751 0.0141365516465157 0.014486719854176 0.0145729018840939 0.0148753300309181 0.0153792845085263 0.0103741660714149 0.0096181146800518 0.00934382854029536 0.00865658558905125 0.00929484097287059 0.0185769884847105 0.017940083052963 0.020902774296701 0.0274201813153923 0.0290145305916667 0.0385896810330451 0.0359380831941962 0.0389625402167439 0.0394287304952741 0.0723364073783159 0.121941681951284 0.0621179034933448 0.0363254472613335 0.0596659332513809 0.0380045427009463 0.048754676245153 0.0501217283308506 0.0513221556320786 0.0603105518966913
0.00207263973425142 0.00205775949871168 0.00169914681464434 0.0029073876212351 0.00392536830622703 0.00544155179522932 0.00983011210337281 0.0134929553605616 0.0163617823272943 0.0180691704154015 0.0202795672230422 0.0224884985946119 0.0107638875488192 0.0199975604191422 0.0194026483222842 0.0214106570929289 0.0127375447191298 0.0103053566999733 0.0114057138562202 0.00914907420519739 0.00875185476616025 0.0132985366508365 0.0137668792158365 0.0144090787507594 0.0143512000795454 0.0150445869658142 0.0117912730202079 0.0107608439866453 0.0103608602657914 0.0100467423908412 0.00984197109937668 0.0162742305546999 0.0175676075741649 0.0195056996308267 0.022621045820415 0.029411094263196 0.0285515305586159 0.0366191193461418 0.030413038097322 0.0463240193203092 0.0562697947025299 0.128729907795787 0.0790733769536018 0.039038865827024 0.0526511603966355 0.0327271167188883 0.0420405734330416 0.0432139076292515 0.0442482512444258 0.0502256684121676
0.00148599952808581 0.00155320012345328 0.00146682203921955 0.00403156824177131 0.0053108730353415 0.00731685117352754 0.0166366868652403 0.0094258125172928 0.0191788477823138 0.0179499525111169 0.0217498764395714 0.0242408365011215 0.0153609171975404 0.0289430683478713 0.0282230693846941 0.0395131055265665 0.0162036434048787 0.0102245591115206 0.00918887229636312 0.00979999359697104 0.00978464423678815 0.0148397365119308 0.0147100305184722 0.014867257559672 0.0168357228394598 0.0146978094708174 0.0118771472480148 0.0126293553039432 0.011590160196647 0.0108457612805068 0.0105793410912156 0.0174269443377852 0.0171670280396938 0.0182095323689282 0.0204689111560583 0.0240975795313716 0.0382554638199508 0.0315399207174778 0.0368159580975771 0.0591530529782176 0.0723210955038667 0.150628664996475 0.111113101243973 0.138280317187309 0.0931512815877795 0.0339893093332648 0.0423127757385373 0.043467310257256 0.0444868756458163 0.0661782696843147
0.000667435689138074 0.00162998282394256 0.00247047323500738 0.00562497600913048 0.00686876173131168 0.0089923384366557 0.0164684071205556 0.0194983878172934 0.0211345609277487 0.0110630526905879 0.0214320681989193 0.0267300331033766 0.0201539974659681 0.0249472125433385 0.0165811397600919 0.027735851239413 0.018156360136345 0.0113660711795092 0.013647437794134 0.0110906418412924 0.0107622283976525 0.0163382422178984 0.017071362119168 0.0191262848675251 0.0167842744849622 0.0170487202703953 0.0134869848843664 0.013451554113999 0.0142053298186511 0.0122380256652832 0.0117966860998422 0.0186186078935862 0.0180508657358587 0.0188678824342787 0.0210466152057052 0.0214255643077195 0.0257293675094843 0.0387187520973384 0.0431577959097922 0.0279391650110483 0.0663260649889708 0.0602862881496549 0.0598685322329402 0.160984952002764 0.0569016188383102 0.0353498766198754 0.0476848362013698 0.0718989977613091 0.0455778306350112 0.0664056688547134
6.49096054985421e-05 0.00431119173299521 0.00601624324917793 0.0108957280172035 0.0178514514118433 0.0231621717102826 0.0238633549306542 0.0351350530982018 0.0319116096943617 0.0176979123862111 0.0183991565718316 0.0262512876652181 0.0131568261422217 0.0197191392071545 0.0178313862998039 0.0258102342486382 0.0191230357158929 0.0176568021997809 0.0136204303707927 0.0154232492204756 0.0128500505816191 0.0168731212615967 0.016148092225194 0.016378665342927 0.0156937388237566 0.0151725239120424 0.0175944422371686 0.0210095681250095 0.0185673907399178 0.0177565696649253 0.0172544638626277 0.0125749225262552 0.0110154636204243 0.0111667867749929 0.0118200178258121 0.0122655504383147 0.0277277156710625 0.036162524484098 0.0424783662892878 0.0308936177752912 0.0463354806415737 0.082416620105505 0.0557875372469425 0.108101981692016 0.0819089924916625 0.027047494892031 0.0335751310922205 0.029261636082083 0.0227318856632337 0.0633549684425816
0.00198622257448733 0.00748569879215211 0.00669169123284519 0.0157849772367626 0.0205124313943088 0.0273933415301144 0.0312024247832596 0.0334783340804279 0.0441900230944157 0.0312198302708566 0.0408230670727789 0.0230444411281496 0.0257996314903721 0.00781864882446826 0.0401504673063755 0.0262762703932822 0.0256261841859668 0.0235181651078165 0.0146429247688502 0.0150985789950937 0.0164182181470096 0.0236965399235487 0.0252368855290115 0.0238457773812115 0.0241609844379127 0.0313118705525994 0.0207720478065312 0.0224586464464664 0.0236836313270032 0.0210368917323649 0.019469641149044 0.012568888720125 0.0119189308024943 0.0119874896481633 0.0125854902435094 0.00980518851429224 0.0173524147830904 0.0204884484410286 0.0234868857078254 0.0440450911410153 0.0203144331462681 0.0444216886535287 0.0443279426544905 0.0424744032789022 0.0607432031538337 0.0646746940910816 0.0543229635804892 0.0346193825826049 0.102754844352603 0.0435644360259175
0.00223391578765586 0.00923696148674935 0.0163591816090047 0.0300760823301971 0.0300391986966133 0.0279838943388313 0.0289243634324521 0.0438399370759726 0.048549972474575 0.0475643770769238 0.0410577808506787 0.0322321830317378 0.0339226054493338 0.0187632078304887 0.018187150824815 0.0458636414259672 0.0206892627757043 0.0175538721960038 0.0170321548357606 0.0159712913446128 0.017197878099978 0.0252306903712451 0.027224734891206 0.0255576153285801 0.02614307962358 0.0292076030746102 0.0216872505843639 0.0217461339198053 0.0254638860933483 0.0227108704857528 0.0198892457410693 0.013108225306496 0.0127240500878543 0.0132461795583367 0.0142301255837083 0.0100051388144493 0.0177233316935599 0.0180316460318863 0.0174938654527068 0.0142340913880616 0.0133730755187571 0.0278325802646577 0.0459399120882154 0.0674098143354058 0.0274731814861298 0.0655144229531288 0.111890668049455 0.106774064712226 0.0609593680128455 0.0370587520301342
