data/hab_qual_200.asc
NCOLS 586 
NROWS 434 
XLLCORNER 110250 
YLLCORNER 6895950 
CELLSIZE 200 
NODATA_value -9999 
[rows 374 to 395 of 434, columns 450 to 499 of 586]
0.340213298797607 0.28689556568861 0.307792652398348 0.363781303167343 0.353809885680676 0.327563244849443 0.226654682308435 0.259228888899088 0.223908562213182 0.214948307722807 0.205144964158535 0.128403088077903 0.110566528514028 0.108049876987934 0.0990971643477678 0.0945583805441856 0.0870110671967268 0.0855084415525198 0.0806950554251671 0.0651131197810173 0.0704120742157102 0.0711429184302688 0.0482174372300506 0.0523212514817715 0.0543788066133857 0.0492942985147238 0.0923638772219419 0.0903534535318613 0.0930830761790276 0.118928784504533 0.0935567449778318 0.103790102526546 0.0969335380941629 0.0992083828896284 0.112262671813369 0.129465622827411 0.117989400401711 0.104696806520224 0.0914361570030451 0.105520732700825 0.10225554741919 0.0974893420934677 0.0798088619485497 0.0879295198246837 0.0834243074059486 0.0981891881674528 0.0948328077793121 0.108279069885612 0.0765557419508696 0.083535467274487
0.30533791333437 0.402136407792568 0.427103899419308 0.448991298675537 0.249237462878227 0.318506199866533 0.264284722507 0.302494965493679 0.247913587838411 0.262657448649406 0.173644028604031 0.131737027317286 0.10797212459147 0.10475504770875 0.0932132564485073 0.0844781007617712 0.078236173838377 0.0697088576853275 0.0694907624274492 0.0649929009377956 0.0572880152612925 0.055116699077189 0.0494349477812648 0.0488012908026576 0.0519509194418788 0.0578170083463192 0.0902691949158907 0.0797139219939709 0.121193002909422 0.0950727965682745 0.107470903545618 0.110011087730527 0.0987790357321501 0.12068922072649 0.0847201365977526 0.0840364377945662 0.101533329114318 0.0789333954453468 0.13091654703021 0.0694266147911549 0.0644364701583982 0.0723754577338696 0.060746013186872 0.0613681105896831 0.0817695697769523 0.0786290504038334 0.0727030355483294 0.0780848702415824 0.0659125363454223 0.069625211879611
0.279103327542543 0.261568710207939 0.282979473471642 0.249283500015736 0.291262909770012 0.272298686206341 0.199955595657229 0.164239447563887 0.180258251726627 0.138872630894184 0.0864291340112686 0.0718917045742273 0.0672528315335512 0.0619474910199642 0.0553033836185932 0.0501868752762675 0.0489161806181073 0.0479431841522455 0.0463155582547188 0.0416977377608418 0.0363273788243532 0.0371138099581003 0.033030569087714 0.0520892916247249 0.0555848740041256 0.042264305986464 0.0624946048483253 0.0765373175963759 0.0779907684773207 0.0681532211601734 0.0734716141596437 0.107927888631821 0.0827668234705925 0.0840508937835693 0.0796482618898153 0.0770411510020494 0.0530435666441917 0.0628404272720218 0.0532402321696281 0.0407917620614171 0.0403651306405663 0.0402908083051443 0.0367276603356004 0.0437359409406781 0.030565969645977 0.0321525190956891 0.0362595422193408 0.0751173160970211 0.0645408246782608 0.0520942257717252
0.269436240196228 0.210477638989687 0.246751639991999 0.209761675447226 0.130013752728701 0.171674640849233 0.224984392523766 0.118835307657719 0.113491455093026 0.104686982929707 0.0925779491662979 0.0572212729603052 0.0566984154284 0.0525279920548201 0.0507852397859097 0.0446998151019216 0.0414877198636532 0.040354791097343 0.0385268060490489 0.0353569015860558 0.0335045019164681 0.0348167875781655 0.032640459947288 0.0365970921702683 0.0430856859311461 0.0463536661118269 0.0677833147346973 0.0650179255753756 0.0630434500053525 0.0584322046488523 0.0745105110108852 0.0788891240954399 0.0707280021160841 0.0881439354270697 0.0792105291038752 0.0730860494077206 0.0534393824636936 0.0510854730382562 0.0475892387330532 0.0385595792904496 0.0341509729623795 0.0372877987101674 0.0337478248402476 0.0320376916788518 0.0326218861155212 0.02855334430933 0.0315314480103552 0.034831163007766 0.0530297439545393 0.0339983813464642
0.262890543788671 0.183915980160236 0.169513236731291 0.127555629238486 0.179023094475269 0.192373251542449 0.152942730113864 0.126252718269825 0.116682542487979 0.120306605473161 0.0738977026194334 0.0603213664144278 0.0557717084884644 0.0666292058303952 0.0498986085876822 0.0430416623130441 0.0407581208273768 0.0365391671657562 0.0350577589124441 0.0340200709179044 0.0309859155677259 0.0328392749652267 0.0296697937883437 0.035696919541806 0.0466776704415679 0.0428945608437061 0.0769983623176813 0.0688427714630961 0.060677794739604 0.0656684404239058 0.0520473374053836 0.0710726138204336 0.0577412405982614 0.0980548076331615 0.07782650180161 0.0709075443446636 0.0458466615527868 0.0461892047896981 0.0397122786380351 0.0280013526789844 0.02310776617378 0.0232309331186116 0.0204728632234037 0.0216962222475559 0.0233990494161844 0.0201726839877665 0.0232741362415254 0.0251969108358026 0.0261660935357213 0.0266857910901308
0.208899058401585 0.14273689314723 0.129487499594688 0.127216033637524 0.193181894719601 0.132883092388511 0.191150266677141 0.108003383502364 0.101453391835093 0.119915541261435 0.0826254542917013 0.0622889939695597 0.0637586088851094 0.0617857845500112 0.0489916447550058 0.0402654698118567 0.0380935333669186 0.0334461014717817 0.0326203098520637 0.0305165355093777 0.0292546399869025 0.0307257045060396 0.0302143064327538 0.0432571461424232 0.0457849120721221 0.0566294379532337 0.0573266558349133 0.0543611329048872 0.0543750813230872 0.0624334644526243 0.0597897600382566 0.068602898158133 0.049109959974885 0.0658152932301164 0.0679101413115859 0.0468302275985479 0.0270762513391674 0.0214751190505922 0.012343828799203 0.00636948307510465 0.00439987157005817 0.00367539204307832 0.00299458729568869 0.00283478965866379 0.00357789426925592 0.00463709144969471 0.00580280122812837 0.00920417264569551 0.0106633284594864 0.0134630720131099
0.194293133914471 0.176139935851097 0.14529712498188 0.131711345165968 0.153178468346596 0.155442774295807 0.11109814979136 0.108698416501284 0.114404378458858 0.105443444103003 0.0935517977923155 0.0607719887048006 0.0748429605737329 0.0523884491994977 0.0473662754520774 0.038931405171752 0.0338552696630359 0.0326387290842831 0.0289880223572254 0.0275388960726559 0.0277655674144626 0.0338138109073043 0.0309254117310047 0.0379201881587505 0.0461438838392496 0.0432909801602364 0.0577619299292564 0.0575055368244648 0.0570590598508716 0.0468588247895241 0.0348140513524413 0.0425681108608842 0.0340415914542973 0.0388481328263879 0.0272994814440608 0.0186369138536975 0.00563191215042025 0.00256044446723536 0.00162554629787337 0.000876390993653331 -9999 -9999 -9999 -9999 -9999 -9999 -9999 -9999 -9999 -9999
0.0849066525697708 0.149793829768896 0.202295564115047 0.212220277637243 0.137445367872715 0.139288710430264 0.148444555699825 0.143692579120398 0.143911134451628 0.130969166755676 0.115644063800573 0.074007211253047 0.0788818504661322 0.0679397564381361 0.060091869905591 0.0550131807103753 0.0473307510837913 0.0391728868708014 0.0411301357671618 0.0304041015915573 0.0312389764003456 0.0381288034841418 0.0358788324519992 0.0436302153393626 0.0363047970458865 0.0391230843961239 0.0350849982351065 0.034756020642817 0.0305305933579803 0.0260998629964888 0.0201867083087564 0.011874258518219 0.00767627253662795 0.00588854699162766 0.002631435461808 0.000978402444161475 -9999 -9999 -9999 -9999 -9999 -9999 -9999 -9999 -9999 -9999 -9999 -9999 -9999 -9999
0.0864864215254784 0.167993117123842 0.187276370823383 0.178674895316362 0.131243819370866 0.163298316299915 0.170116517692804 0.151143044233322 0.164093427360058 0.127020685002208 0.116314243525267 0.0721886157989502 0.0662467870861292 0.0621281946077943 0.0568922748789191 0.0527012962847948 0.0404313923791051 0.038736860267818 0.0349131356924772 0.0300553487613797 0.0390485790558159 0.0340203233063221 0.035418557934463 0.0381019338965416 0.034325516782701 0.0316396011039615 0.0349054681137204 0.0308897509239614 0.0246036080643535 0.019251580350101 0.013976244488731 0.00562577950768173 0.00210963931749575 0.00108647687011398 -9999 -9999 -9999 -9999 -9999 -9999 -9999 -9999 -9999 -9999 -9999 -9999 -9999 -9999 -9999 -9999
0.15375086851418 0.18407341837883 0.196715421974659 0.134554985910654 0.131154969334602 0.12227451056242 0.135012418031693 0.141715869307518 0.133750483393669 0.132362490519881 0.115589642897248 0.0679108574986458 0.0630650417879224 0.0577731225639582 0.0509262103587389 0.0472110379487276 0.0371987717226148 0.0331704141572118 0.0349301360547543 0.0317593570798635 0.0309727364219725 0.0344187179580331 0.0349271995946765 0.0347806317731738 0.0331018259748816 0.0340588754042983 0.03377815335989 0.0282295951619744 0.0205206801183522 0.0143703385256231 0.00659964320948347 0.00140048029425088 -9999 -9999 -9999 -9999 -9999 -9999 -9999 -9999 -9999 -9999 -9999 -9999 -9999 -9999 -9999 -9999 -9999 -9999
0.0490753818303347 0.0680495391134173 0.13785769790411 0.118436390534043 0.122950237244368 0.120653552934527 0.145786635577679 0.146036874502897 0.126129824668169 0.121298674494028 0.112517869099975 0.0644821310415864 0.0596868572756648 0.052288144826889 0.0454366244375706 0.0415338147431612 0.0343554904684424 0.0390455946326256 0.0330725652165711 0.0368314483202994 0.0385229722596705 0.0362616730853915 0.034891682676971 0.0334853464737535 0.031151169911027 0.0289885737001896 0.0284357401542366 0.0233398280106485 0.0146642567124218 0.00710314715979621 -9999 -9999 -9999 -9999 -9999 -9999 -9999 -9999 -9999 -9999 -9999 -9999 -9999 -9999 -9999 -9999 -9999 -9999 -9999 -9999
0.108593767508864 0.126606207340956 0.122605226933956 0.148610515519977 0.127190617844462 0.17537135630846 0.169863775372505 0.134752599522471 0.135883083567023 0.13323743082583 0.100169571116567 0.0557679561898112 0.0547310197725892 0.0481435507535934 0.0331546543166041 0.0276151862926781 0.0211288966238499 0.0229158657602966 0.0246887085959315 0.0277897315099835 0.0311803864315152 0.0398043943569064 0.0375739568844438 0.0311133288778365 0.0362036335282028 0.0273048565723002 0.0224249130114913 0.0150613447185606 0.00583865633234382 -9999 -9999 -9999 -9999 -9999 -9999 -9999 -9999 -9999 -9999 -9999 -9999 -9999 -9999 -9999 -9999 -9999 -9999 -9999 -9999 -9999
0.125252759084105 0.137796038761735 0.0985335502773523 0.146612975746393 0.139449020847678 0.0973201990127563 0.0641000019386411 0.0642919782549143 0.061336824670434 0.0565544413402677 0.0364508824422956 0.0259474986232817 0.0188291282393038 0.0139032860752195 0.0101628542179242 0.00764649838674814 0.0101491771638393 0.0114317866973579 0.0135933475103229 0.0314629720523953 0.0246731000952423 0.0246186847798526 0.024935566354543 0.0233929939568043 0.0218195277266204 0.0144338819663972 0.00642388314008713 -9999 -9999 -9999 -9999 -9999 -9999 -9999 -9999 -9999 -9999 -9999 -9999 -9999 -9999 -9999 -9999 -9999 -9999 -9999 -9999 -9999 -9999 -9999
0.118347188457847 0.128953838720918 0.13939556106925 0.117844790220261 0.103602439165115 0.102489847689867 0.0648408643901348 0.0628090770915151 0.059891146607697 0.0526156928390265 0.0309581258334219 0.0214576991274953 0.0139727930072695 0.00966825417708606 0.00677754753269255 0.00512638117652386 0.00731593486852944 0.00922433845698833 0.0129744780715555 0.0265466831624508 0.0311622968874872 0.0279810191132128 0.028733532410115 0.023878782056272 0.0121069315355271 0.00558080500923097 -9999 -9999 -9999 -9999 -9999 -9999 -9999 -9999 -9999 -9999 -9999 -9999 -9999 -9999 -9999 -9999 -9999 -9999 -9999 -9999 -9999 -9999 -9999 -9999
0.0817835666239262 0.0980297178030014 0.102612538263202 0.104449367150664 0.102983055636287 0.101130506023765 0.0631233211606741 0.062523702159524 0.0586951822042465 0.046998810954392 0.0269367173314095 0.0176208310294896 0.0103080151602626 0.00751482113264501 0.00450003542937338 0.00348563079023734 0.00542065920308232 0.00763602391816676 0.0112641707528383 0.0203746715560555 0.0261211581528187 0.0278934179805219 0.0213904203847051 0.0130777034210041 -9999 -9999 -9999 -9999 -9999 -9999 -9999 -9999 -9999 -9999 -9999 -9999 -9999 -9999 -9999 -9999 -9999 -9999 -9999 -9999 -9999 -9999 -9999 -9999 -9999 -9999
0.0845281556248665 0.102199371904135 0.102605884894729 0.101383313536644 0.100019516423345 0.0982893444597721 0.0675006490200758 0.0637385211884975 0.0598082477226853 0.0362913120770827 0.0125674546870869 0.00353692789212801 0.00857385213021189 0.00509515183512121 0.00484430196229368 0.00603404815774411 0.00579872797243297 0.0076442708959803 0.0113384304568172 0.0211484818719327 0.0265709669329226 0.0222615841776133 0.0109420060180128 -9999 -9999 -9999 -9999 -9999 -9999 -9999 -9999 -9999 -9999 -9999 -9999 -9999 -9999 -9999 -9999 -9999 -9999 -9999 -9999 -9999 -9999 -9999 -9999 -9999 -9999 -9999
0.0678202100098133 0.0751932747662067 0.0742435697466135 0.0733817741274834 0.072419099509716 0.064891753718257 0.0383553132414818 0.0359267191961408 0.0354743199422956 0.0256671188399196 0.0192455993965268 0.0112387738190591 0.0067298945505172 0.00509083230281249 0.0065857459558174 0.00509566348046064 0.00568460195790976 0.00889393175020814 0.0137226404622197 0.0209505893290043 0.0213967189192772 0.0126684233546257 -9999 -9999 -9999 -9999 -9999 -9999 -9999 -9999 -9999 -9999 -9999 -9999 -9999 -9999 -9999 -9999 -9999 -9999 -9999 -9999 -9999 -9999 -9999 -9999 -9999 -9999 -9999 -9999
0.0368242086842656 0.0306223621591926 0.0290630059316754 0.0287309028208256 0.0306184226647019 0.025322291534394 0.0241117468103766 0.026246327906847 0.020987365860492 0.0211084531620145 0.0135554112493992 0.0108451074920595 0.00841582857538015 0.00460666371509433 0.00397481478285044 0.00426141812931746 0.0052701672539115 0.00797621521633118 0.0121463334653527 0.0124742579646409 0.0083448076620698 -9999 -9999 -9999 -9999 -9999 -9999 -9999 -9999 -9999 -9999 -9999 -9999 -9999 -9999 -9999 -9999 -9999 -9999 -9999 -9999 -9999 -9999 -9999 -9999 -9999 -9999 -9999 -9999 -9999
0.0347281312569976 0.0276707946322858 0.0293677817098796 0.0280607067979872 0.0277760424651206 0.0250617489218712 0.0236823242157698 0.0228172177448869 0.021542833186686 0.0183321419171989 0.0139755941927433 0.0128411743789911 0.0093307236675173 0.00760007672943175 0.00643117318395525 0.0067618862958625 0.00825988792348653 0.0107393055222929 0.0108769205398858 0.00724546739365906 -9999 -9999 -9999 -9999 -9999 -9999 -9999 -9999 -9999 -9999 -9999 -9999 -9999 -9999 -9999 -9999 -9999 -9999 -9999 -9999 -9999 -9999 -9999 -9999 -9999 -9999 -9999 -9999 -9999 -9999
0.0342244766652584 0.0262242560274899 0.0257047954946756 0.0271116062067449 0.0272877495735884 0.0246773790568113 0.021449186373502 0.0223598359152675 0.0194898089393973 0.017730601131916 0.0157939058262855 0.0151385383214802 0.0123959963675588 0.0113258466590196 0.00985029432922602 0.0106523032300174 0.0112282512709498 0.0105384134221822 0.00657763273920864 0.00319991749711335 -9999 -9999 -9999 -9999 -9999 -9999 -9999 -9999 -9999 -9999 -9999 -9999 -9999 -9999 -9999 -9999 -9999 -9999 -9999 -9999 -9999 -9999 -9999 -9999 -9999 -9999 -9999 -9999 -9999 -9999
0.0324908918701112 0.0227537774480879 0.0266031599603593 0.0226799608208239 0.0224929158575833 0.0207827952690423 0.0196572728455067 0.0200086468830705 0.0194582911208272 0.0182712087407708 0.0150910173542798 0.0159656128380448 0.0143115029204637 0.0145261671859771 0.0163163386750966 0.0148074699100107 0.0091094289382454 0.00657691841479391 0.00277092368924059 -9999 -9999 -9999 -9999 -9999 -9999 -9999 -9999 -9999 -9999 -9999 -9999 -9999 -9999 -9999 -9999 -9999 -9999 -9999 -9999 -9999 -9999 -9999 -9999 -9999 -9999 -9999 -9999 -9999 -9999 -9999
0.0254572280682623 0.0206653899513185 0.0206751716323197 0.0200054589658976 0.0193766099400818 0.0210048439912498 0.0206654197536409 0.0190615216270089 0.0193737628869712 0.0190033293329179 0.0139517544303089 0.0160964303649962 0.0153155932202935 0.0150160654447973 0.016213248251006 0.0126921684714034 0.00931827176827937 0.00293215687270276 -9999 -9999 -9999 -9999 -9999 -9999 -9999 -9999 -9999 -9999 -9999 -9999 -9999 -9999 -9999 -9999 -9999 -9999 -9999 -9999 -9999 -9999 -9999 -9999 -9999 -9999 -9999 -9999 -9999 -9999 -9999 -9999
