data/hab_qual_1000.asc
NCOLS 117 
NROWS 87 
XLLCORNER 110650 
YLLCORNER 6895750 
CELLSIZE 1000 
NODATA_value -9999 
[rows 22 to 43 of 87, columns 49 to 97 of 117]
0.136604638467543 0.145069760880433 0.153908976907842 0.126922482289374 0.126190129066817 0.113578520733863 0.0719010889530182 0.0412158074881881 0.00333867707871832 0.0182895292504691 0.073937473623082 0.09730001013726 0.085559289555531 0.0977183405123651 0.124049204904586 0.0939965917728841 0.0708323195949197 0.0270983156748116 0.0140206051617861 0.0356741046183743 0.0585021396412048 0.034486596507486 0.00623580525876605 0.00067505155922845 0.00035819166328725 0.000610270909793839 -9999 -9999 -9999 -9999 -9999 -9999 -9999 -9999 -9999 -9999 -9999 -9999 -9999 -9999 -9999 -9999 -9999 -9999 -9999 -9999 -9999 -9999 -9999
0.147797118127346 0.171375332558528 0.169750924147665 0.173522880785167 0.155101857836125 0.12321739397943 0.119064070601016 0.0374571296293288 0.00349465212901123 0.0558978844899684 0.1384945557639 0.172521223500371 0.123168088383973 0.148929369989783 0.17329931974411 0.117917474438436 0.169357976689935 0.0839185886830092 0.0330616963841021 0.0771692614257336 0.110509270913899 0.132199883572757 0.0803770095156506 0.0294009224977344 0.00394931039852963 0.000506835637364076 0.000949771086476287 0.00411164620891213 -9999 -9999 -9999 -9999 -9999 -9999 -9999 -9999 -9999 -9999 -9999 -9999 -9999 -9999 -9999 -9999 -9999 -9999 -9999 -9999 -9999
0.162901207357645 0.141692803129554 0.161744685471058 0.229506977424026 0.14995433252072 0.175970140462741 0.132917286586016 0.0317962663294747 0.0194291816698387 0.0881495142215863 0.200652460153215 0.191215451359749 0.159600946679711 0.146695304121822 0.119741487572901 0.136102148359641 0.233644425421953 0.201384511627257 0.0588134204596281 0.0585206240415573 0.107860118392855 0.128956085592508 0.185361730568111 0.157997165359557 0.0977238954370841 0.0294016583717894 0.00744259828381473 0.00245362723869114 0.00716066814493388 -9999 -9999 -9999 -9999 -9999 -9999 -9999 -9999 -9999 -9999 -9999 -9999 -9999 -9999 -9999 -9999 -9999 -9999 -9999 -9999
0.12742129817605 0.153153164160904 0.189145931191742 0.169475086401217 0.203568658530712 0.209638793170452 0.135122545436025 0.0263791367976228 0.0302466785995057 0.126896107739303 0.228670254191384 0.194227941185236 0.235798358116299 0.23669313701801 0.266485133990645 0.210191611200571 0.256105416417122 0.224807089492679 0.125574644692242 0.0635048371402081 0.155252326726913 0.197229280993342 0.24051910626702 0.267969867810607 0.208920658230782 0.116324299201369 0.0870801035920158 0.014830294395797 0.00594978117372929 0.0069403680972755 -9999 -9999 -9999 -9999 -9999 -9999 -9999 -9999 -9999 -9999 -9999 -9999 -9999 -9999 -9999 -9999 -9999 -9999 -9999
0.204604520639405 0.139888123087585 0.162019365783781 0.129138122089207 0.211074783680961 0.152566612958908 0.075209710104391 0.0143369882024126 0.0768747862440068 0.111168821887113 0.183661082386971 0.227036811113358 0.12351027101744 0.289608868435025 0.227274103313684 0.221693699592724 0.285932712648064 0.307762027457356 0.313387130647898 0.174742329083383 0.124017258808017 0.159017214328051 0.295165929123759 0.292691631084308 0.292920581046492 0.192115144990385 0.148776383586228 0.0980693505890667 0.0299739924445748 0.00186502349151851 0.00178145116660744 -9999 -9999 -9999 -9999 -9999 -9999 -9999 -9999 -9999 -9999 -9999 -9999 -9999 -9999 -9999 -9999 -9999 -9999
0.184422960057855 0.0938326710893307 0.123383329515345 0.146107484549284 0.218151441961527 0.163970059417188 0.0419095578917768 0.0349275374226272 0.137923578196205 0.17922718805261 0.20345925822854 0.239949532225728 0.184884014222771 0.298825188055635 0.264733802750707 0.166648832643405 0.325437462255359 0.340509285479784 0.444693646728992 0.296992579251528 0.121201948486269 0.129004796743393 0.193627117946744 0.214497663378716 0.242490288671106 0.265936151109636 0.167580730654299 0.13311932006618 0.106399353584275 0.00824048936192412 0.00279747153928673 0.00187469841864872 0.0012257503824205 -9999 -9999 -9999 -9999 -9999 -9999 -9999 -9999 -9999 -9999 -9999 -9999 -9999 -9999 -9999 -9999
0.0837288156407885 0.118826112631941 0.176755435913801 0.138104720972478 0.168185598179698 0.108462806344032 0.0402827245509252 0.0632098341174424 0.224884525462985 0.178122200397775 0.185731074158102 0.254865949377418 0.275927265612409 0.298841029573232 0.296833680570126 0.244158957526088 0.225694492645562 0.293884729295969 0.261801648288965 0.256383721977472 0.31789861574769 0.313942050486803 0.227824555411935 0.133238874897361 0.138379374369979 0.161496686339378 0.164919077530503 0.113076259116642 0.0917164931446314 0.0708660121448338 0.0365923321107402 0.0124146717772237 0.00312314850028391 0.00263481875992424 -9999 -9999 -9999 -9999 -9999 -9999 -9999 -9999 -9999 -9999 -9999 -9999 -9999 -9999 -9999
0.00949006199793075 0.102153906879539 0.184964745100588 0.144684600289911 0.164553883001208 0.0826126753911376 0.0664832177734934 0.0819518012180924 0.171013757218607 0.196855835719034 0.206956223398447 0.231293031740934 0.235555999577045 0.312685996713117 0.231064374987036 0.198475620476529 0.306951361913234 0.302344943825155 0.383017627298832 0.437427850030363 0.415029406771064 0.398494367301464 0.353095672875643 0.248109197169542 0.155093788430095 0.0936438729614019 0.0761126388981938 0.0496197357587516 0.0461297870241106 0.0771790378168225 0.0873892414127476 0.0615791726019233 0.0348909535666462 0.00451155883260071 0.0013800974980847 -9999 -9999 -9999 -9999 -9999 -9999 -9999 0.00836816321437558 0.00639139398789177 0.005270816385746 -9999 0.00840351236984134 0.00486679736059159 -9999
0.0229334965889575 0.0236911172118562 0.0656785962195136 0.13183196593076 0.12334417887032 0.0592111921310425 0.0685969612002373 0.120152604633477 0.240462353937328 0.200148923434317 0.234309921627864 0.258643406331539 0.27176908230409 0.35382345482707 0.319507143301889 0.25917924399022 0.343867476582527 0.313891201224178 0.369971584174782 0.302899463102221 0.338322822712362 0.375132580250502 0.40822788471356 0.35643448645249 0.30575135320425 0.237185008376837 0.141567018441856 0.0607592501759063 0.021941084486316 0.0262771847075783 0.0856427441164851 0.0754576297104359 0.0700855491124094 0.0190835626545595 0.00103476300101625 0.000429167022677855 -9999 -9999 -9999 0.00097186456192643 0.00355222363262174 0.00478098039419796 0.00383484217856732 0.00482522187521681 0.00380746086981768 0.00171390195718295 0.00353104099000727 0.00241126247667275 0.000621650403159687
0.204819561676122 0.124026145185344 0.0213260104192887 0.0811935497925151 0.114884925484657 0.0403924929036293 0.0683353691920638 0.138139546886086 0.233226745128632 0.344027541577816 0.278639212762937 0.276707935612649 0.215795823996887 0.319213061146438 0.220010283458978 0.275616207597777 0.322336245644838 0.387003923822194 0.357741062045097 0.404082004036754 0.309121997095644 0.34334760049358 0.382127213235945 0.331212525609881 0.330081997811794 0.36043301153928 0.177002724967897 0.133132565207779 0.0253243630832003 0.0024269219225971 0.0428133727470413 0.0736318512656726 0.0681567343976349 0.0397335558291525 0.00904632226855028 0.00045568078236941 0.000860235091143598 0.00389807391911745 0.00166447236087929 0.00305781423812732 0.00636889249261003 0.0170598161779344 0.0225832533976063 0.025264185811393 0.0329551986092702 0.0242260353756137 0.0214143803017214 0.019410847350955 0.00776855132018682
0.313085990548134 0.250535228699446 0.140555489449762 0.116455734816846 0.0798553212650586 0.0439417573623359 0.112531156428158 0.136085667908192 0.187389184441417 0.17202554397285 0.226570888236165 0.291372916772962 0.195932507645339 0.205960986874998 0.283123516812921 0.221541677946225 0.294230663478374 0.370494932979345 0.431849561519921 0.378765755444765 0.340244837738574 0.383730410970747 0.361041320934892 0.346471719909459 0.376878116652369 0.246902028843761 0.146161139123142 0.148187720626593 0.0386052137194201 0.00166793538308411 0.0139080422982806 0.0613878884771839 0.0518566114921123 0.0369018834922463 0.0177657013107091 0.00319813474663533 0.00130482215162131 0.00156567749800161 0.00377608205948491 0.023755222032778 0.047094661667943 0.0539512527547777 0.0559379936009645 0.0452554569579661 0.049817139916122 0.0492934575304389 0.0495835265889764 0.0551473310776055 0.0346088542044163
0.325400771573186 0.273823681399226 0.147240031166002 0.103489119936712 0.0430471927966573 0.0360018122894689 0.120912756745238 0.104165123542771 0.120914089204744 0.0887028134614229 0.181734337210655 0.259116689674556 0.157725215309765 0.131518243467435 0.135226467177272 0.0775580902327783 0.101809469610453 0.284349340358749 0.365774051239714 0.355859245806932 0.253585960529745 0.264541894905269 0.28456831837073 0.29962183480151 0.29982745652087 0.215330263534561 0.101580874214415 0.0651674223318696 0.0336556313652545 0.00132437843978551 0.00176420945681457 0.0169036640785635 0.026432870933786 0.0503021238150541 0.0567273284075782 0.0201700852904469 0.00208643255857169 0.0001771249716694 0.00635814958484843 0.0414238926488906 0.0969724032282829 0.0838728046556935 0.0975303847715259 0.111338533274829 0.104912095218897 0.10294617254287 0.112346403226256 0.0945418915897608 0.0583544501103461
0.339065516777337 0.281835389919579 0.236636337302625 0.13040750451386 0.0560582856461406 0.0330695103178732 0.103671195567586 0.0702403956931084 0.0791598990489729 0.12465266445186 0.153765168543905 0.087099866066128 0.128534969463944 0.15388908021152 0.143528764955699 0.0734040049242321 0.0455914096813649 0.116439101588912 0.185696869229432 0.23109174259007 0.205238917246461 0.115395040046424 0.124813727196306 0.297183503871784 0.232229100652039 0.253521850369871 0.153799988152459 0.111120657175779 0.0508763115527108 0.0054552517925913 0.00138232702898677 0.00319111648917897 0.0202019878057763 0.0680414349585772 0.0654250243701972 0.020174989484949 0.00200257355594658 0.000983621383420541 0.0172385803709039 0.0762542953155935 0.127883742377162 0.114182598772459 0.148948985785246 0.179751036986709 0.17238111898303 0.167952752485871 0.169468133877963 0.157597155533731 0.105530337393284
0.312831904832274 0.313803655020893 0.347658879160881 0.146977191790938 0.0904728762665764 0.00400366135436343 0.0332675242354162 0.0623052661214024 0.0931039937771857 0.153625672310591 0.163212850391865 0.153407684150152 0.125277386531234 0.20915781378746 0.195318081378937 0.0694739284343086 0.105390723309247 0.223239946383983 0.237536019571125 0.203448020271026 0.232013728059828 0.230447723791003 0.305773898363113 0.330485796630383 0.282673896625638 0.267858304977417 0.232905612960458 0.106938701122999 0.0502620276063681 0.0301695050415583 0.0079773776451475 0.00119455041829497 0.00525540433663991 0.0222746828501113 0.0325375778682064 0.0121834693150595 0.00357492163078859 0.0185217038268456 0.0653156263194978 0.127655766829848 0.172253242582083 0.20303883254528 0.219242566935718 0.199648559819907 0.189944065019954 0.19595967553556 0.207459139451385 0.124121712855995 0.0375730839557946
0.37264940649271 0.384496317356825 0.298897254914045 0.186511634290218 0.104705691160634 0.0122164227056783 0.00637478163378546 0.0464381532761035 0.0690870413661469 0.167488059848547 0.233755198875442 0.27697619728744 0.265977472066879 0.256076755821705 0.18622309923172 0.103241376061924 0.154192841723561 0.3004557595402 0.326814613342285 0.252686237096787 0.21395547144115 0.25311099357903 0.233124207854271 0.289641766250133 0.406778122037649 0.329668972501531 0.268499266505241 0.178815685785376 0.115674084834754 0.0634876336436719 0.0149562086432707 0.0138694206124637 0.0151334221079014 0.00789256102638319 0.0052377780606912 0.00157975885726046 0.0404127457737923 0.0967733466252685 0.127019421160221 0.19029903890565 0.239370338171721 0.254019238650799 0.28631285764277 0.247983142863959 0.297095997184515 0.336312372907996 0.174786946624517 0.0719195313961245 0.046217906344682
0.456647336632013 0.500844176411629 0.343709600418806 0.282702949345112 0.203177355322987 0.128615488612559 0.0111705211938533 0.00914967451390112 0.0199989138328237 0.119252226529643 0.216412894693203 0.23603831473738 0.271633171960711 0.264646921977401 0.22188192948699 0.167945742364973 0.130862828306854 0.309870692435652 0.342939440142363 0.382351015210152 0.284149474035949 0.315875279009342 0.285265487674624 0.239241290278733 0.237614023499191 0.217117722779512 0.1653170504421 0.195837785825133 0.120997142475098 0.0329399677552283 0.0243827260751277 0.0296860820800066 0.0466132476460189 0.0168066527019255 0.00146660494334355 0.00970530042017344 0.0838465993478894 0.148252888354473 0.178242312367074 0.301161448266357 0.339177061282098 0.313271013405174 0.30065515615046 0.320308204712346 0.242290775850415 0.16045167028904 0.0928660015016794 0.0924751291051507 0.0888390792161226
0.46372114777565 0.41461570546031 0.37570309439674 0.343990368247032 0.334494896680117 0.240267531871796 0.100168553097174 0.0115385326591786 0.010825510522991 0.0798053209931822 0.284937217906117 0.293541918871924 0.27747290417552 0.259584838300943 0.278107254793867 0.082782363044098 0.265098446095362 0.365501965731382 0.316588643789291 0.316550953984261 0.300769371464849 0.32655754417181 0.314429772719741 0.25526448443532 0.204544088765979 0.195769361406565 0.223603143393993 0.134847492203116 0.0523214297089726 0.0119426649296656 0.0409497354738414 0.0568490885570645 0.0637679039314389 0.0368667496088892 0.0224569141026586 0.0328611768875271 0.0662666222453117 0.082166720405221 0.11794108748436 0.146983077400364 0.150827779122628 0.145235486933962 0.134487636042759 0.117002542722039 0.129178905487061 0.100227894829586 0.121513472422957 0.140062641440891 0.108746672656853
0.436555095911026 0.393266804665327 0.270157999321818 0.278634858131409 0.242250291912351 0.284917006678879 0.21822059199214 0.125254613636062 0.00808673815205111 0.0325639316267916 0.178892204798758 0.320015314258635 0.355440600663424 0.29249941572547 0.25345544224605 0.233159163566306 0.40336247369647 0.346634936183691 0.281221834868193 0.320614650174975 0.280722061563283 0.298666214346886 0.356818751990795 0.343090467005968 0.385370596498251 0.370527778565884 0.349111332595348 0.237320052087307 0.086756939990446 0.0821467916760594 0.139923984333873 0.161325074359775 0.14641538195312 0.112181424126029 0.0717766496911645 0.0678821231797338 0.136808419809677 0.184407304339111 0.262455130591989 0.298613222390413 0.300116253048182 0.267139481902122 0.218923459164798 0.154701934736222 0.162316193059087 0.194480237215757 0.176948412340134 0.169987347214483 0.0819739906862378
0.411292495876551 0.350453256368637 0.316744683980942 0.206845063865185 0.226637056767941 0.292365595260635 0.292092590667307 0.29709668584168 0.0632859919877956 0.00812836738099577 0.0877302042447263 0.236342422626913 0.242976144850254 0.237517554610968 0.204214456779882 0.353904853314161 0.343789221663028 0.322298922855407 0.297566077429801 0.338227290194482 0.349191679945216 0.264193405210972 0.389905168563128 0.390443017724901 0.42361037760973 0.385919339358807 0.420074300318956 0.256138962358236 0.141679060831666 0.283254769127816 0.286682221740484 0.370367124825716 0.389203965216875 0.294397468734533 0.168846119046211 0.181000572005287 0.267791883051395 0.338683648407459 0.389730498045683 0.35335379421711 0.442258913516998 0.397418920993805 0.396864577233791 0.324816782921553 0.221984254587442 0.26308922149241 0.271552971750498 0.194997080266476 0.145969678547699
0.341655366681516 0.392037127632648 0.275752410320565 0.188943161042407 0.366166045051068 0.36291389124468 0.311536275595427 0.312508573681116 0.0943550378724467 0.0226051010255469 0.068872588109225 0.147377993427217 0.192262221383862 0.350634088255465 0.366193822622299 0.410891697257757 0.42860411003232 0.286721660699695 0.337085775528103 0.426235496401787 0.39631618514657 0.31597708389163 0.277186078876257 0.340939782019705 0.432456496357918 0.462563398238271 0.467949095275253 0.258260118216276 0.28951195910573 0.481309773176908 0.356296062171459 0.393918615430593 0.441016606092453 0.335754496455193 0.283764438480139 0.237241527140141 0.348283791542053 0.414234067350626 0.420753422677517 0.369401589632034 0.375727217197418 0.411171917170286 0.393135458528996 0.376680742353201 0.355324086546898 0.365633823871613 0.343125590067357 0.233476669155061 0.165154296164401
0.355205028653145 0.463393121957779 0.338020461648703 0.243267903029919 0.404769884254783 0.334986379686743 0.26803755953908 0.290251161158085 0.128014906964963 0.0503024168580305 0.0726099539524876 0.141650896072388 0.200468721985817 0.372001431267709 0.397150733321905 0.316188888922334 0.316157088726759 0.317244264669716 0.369014517962933 0.409598201215267 0.370640219300985 0.348731725662947 0.312570152580738 0.310704945623875 0.287998930476606 0.466049135960639 0.331558369994163 0.306338016483933 0.42294910132885 0.479026658535004 0.341696401480585 0.413014423251152 0.399195606410503 0.395206792056561 0.408471362441778 0.367413914352655 0.341307394355536 0.383853811025619 0.495822715461254 0.414387228041887 0.4449239975214 0.4345205488801 0.432539492771029 0.420903425440192 0.414177697598934 0.395047201365232 0.261055638473481 0.242007042076439 0.2726375618577
0.443292066156864 0.470315492115915 0.39324476480484 0.224478105455637 0.331922207791358 0.40173573654145 0.292722004354 0.339176162779331 0.127134586344473 0.0398892267685733 0.0179436889289354 0.0904786012507975 0.172175863324665 0.259389478191733 0.410237974971533 0.321008900776505 0.308162284251302 0.379073750972748 0.325099190920591 0.392157179564238 0.394905519783497 0.4442317693308 0.408354499489069 0.299331504255533 0.231174573972821 0.252720442004502 0.268400809532031 0.447469715476036 0.562665823698044 0.44793377071619 0.493946487307549 0.509458619356155 0.404833744764328 0.438660055100918 0.433892653733492 0.53571927504614 0.551476963758469 0.364713938869536 0.48718423333019 0.488140286207199 0.438969689477235 0.369092040657997 0.411579051055014 0.395389712974429 0.399681970216334 0.326017271578312 0.257320192307234 0.269433495923877 0.29835488203913
