data/hab_qual_200.asc
NCOLS 586 
NROWS 434 
XLLCORNER 110250 
YLLCORNER 6895950 
CELLSIZE 200 
NODATA_value -9999 
[rows 154 to 175 of 434, columns 100 to 149 of 586]
0.00260987470392138 0.00983769388403744 0.0168266610708088 0.0262720980681479 0.0321259731426835 0.027268644887954 0.0177778548095375 0.0411046408116817 0.0784594994038343 0.0691945450380445 0.018365039024502 0.0328340176492929 0.0203169544693083 0.0220313102472574 0.0150613625301048 0.0312738013453782 0.0279651121236384 0.020276946015656 0.0231646900065243 0.0165208368562162 0.0186526877805591 0.0249800193123519 0.0266427113674581 0.0263013523072004 0.02672860911116 0.0292970277369022 0.026243694126606 0.0225161486305296 0.0212357090786099 0.0202638328773901 0.0212600510567427 0.0137917567044497 0.0140254406724125 0.0149758313782513 0.0160137733910233 0.0112179794814438 0.0189912440255284 0.018311470746994 0.0163350875955075 0.01317736832425 0.00865770305972546 0.0159128771629184 0.020238324534148 0.0620494689792395 0.0628645713441074 0.0778020671568811 0.0528315766714513 0.0927728349342942 0.0842278422787786 0.0995005872100592
0.00293543213047087 0.0169244017452002 0.0207844278775156 0.0312283523380756 0.024037215160206 0.0373270036652684 0.0309991186950356 0.0414099851623178 0.0470325574278831 0.034066675696522 0.0142122972756624 0.0118544131983072 0.016483671599417 0.0270661944523454 0.0155015643686056 0.0507979486137629 0.0301706492900848 0.0197047661058605 0.0182112464681268 0.0170079609379172 0.0181641560047865 0.0244805114343762 0.0285588726401329 0.0285214176401496 0.0280188121832907 0.0256915669888258 0.0372816808521748 0.0222854404710233 0.0231248517520726 0.0200252593494952 0.0232540620490909 0.0162386053707451 0.0145533275790513 0.0158308204263449 0.0171043071895838 0.0116145352367312 0.0189385446719825 0.019254351966083 0.0129612535820343 0.0106508126482368 0.00627064669970423 0.00645748680108227 0.000970034569036216 0.0115574696101248 0.0822940496727824 0.107017850037664 0.0844025127589703 0.0312457350082695 0.0319416811689734 0.0173534591740463
0.00468940334394574 0.0287635363638401 0.032802302390337 0.0501027191057801 0.054110100492835 0.0537398383021355 0.0611327327787876 0.0573540143668652 0.0586392749100924 0.0225520408712327 0.0215668617747724 0.0113068157806993 0.0158512559719384 0.0176001116633415 0.036847376730293 0.0373760499060154 0.0330640687607229 0.0264535001479089 0.0269741849042475 0.0297127161175013 0.0274260188452899 0.0400069924071431 0.0445342706516385 0.04536038544029 0.0485008200630546 0.0274484711699188 0.0150783436547499 0.0446683056652546 0.0599734866991639 0.0563932182267308 0.0531522426754236 0.0426469575613737 0.0363365765661001 0.0395050086081028 0.0397589094936848 0.0302208261564374 0.0304764551110566 0.0289806178770959 0.0262328416574746 0.0170221417210996 0.0184116326272488 0.0221462748013437 0.00329029284330318 0.000724429322872311 0.0178265750437276 0.0313490345724858 0.0609069896163419 0.0973363826051354 0.0860434304922819 0.0390532659366727
0.00559101998806 0.0262343473732471 0.0342895509675145 0.0646208859980106 0.0665485244244337 0.0654288530349731 0.0790940169245005 0.082141786813736 0.0777732161805034 0.0441020298749208 0.0253386832773685 0.0172304140869528 0.0343830245546997 0.0283810747787356 0.0383285852149129 0.0385610219091177 0.0513210715726018 0.0410843221470714 0.0356226414442062 0.0374551583081484 0.02943350141868 0.0412776209414005 0.0392227359116077 0.0702228453010321 0.0624863188713789 0.0428746545221657 0.0643364931456745 0.0880720764398575 0.0661723371595144 0.0647513139992952 0.0562873706221581 0.043509135954082 0.0433168737217784 0.0454428950324655 0.0532261859625578 0.0462330067530274 0.0779707599431276 0.106644197367132 0.0630540270358324 0.0473549421876669 0.0409472179599106 0.0318649082910269 0.0351814273744822 0.00110648330883123 0.00135591049911454 0.0015942225290928 0.0270061485935003 0.125077541917562 0.0996689638122916 0.0380864236503839
0.00640590151306242 0.0260854521766305 0.037145372480154 0.0684617534279823 0.0445926082320511 0.0642581600695848 0.0640875129029155 0.0455543296411633 0.037220933008939 0.0527873900718987 0.0826008804142475 0.0470698717981577 0.0354813800659031 0.0515893446281552 0.0725012915208936 0.0481760427355766 0.0416008848696947 0.0326695814728737 0.0314210555516183 0.0315072629600763 0.03038594359532 0.0395263144746423 0.049905177205801 0.0653780093416572 0.0501543330028653 0.0470650689676404 0.0451377122662961 0.0319671030156314 0.0506086093373597 0.0755401030182838 0.0765106026083231 0.0356476241722703 0.036743052303791 0.0579330734908581 0.0479762880131602 0.047722227871418 0.0613720826804638 0.0274548311717808 0.0514910146594048 0.0119771237950772 0.0233045199420303 0.0274567012675107 0.0407397644594312 0.010579028254142 0.00132902330369689 0.0042368744907435 0.0551405329315457 0.117362583987415 0.0875335000455379 0.0382086979225278
0.00682909472379833 0.0261297798715532 0.0421582879498601 0.0676831267774105 0.0705927889794111 0.0682741226628423 0.034637757577002 0.024617905728519 0.0258738021366298 0.0265301670879126 0.0334505853243172 0.0470296470448375 0.0278065679594874 0.0203448527026922 0.0356373637914658 0.0441915057599545 0.0343691688030958 0.0356415938585997 0.0324034318327904 0.0334951188415289 0.0308992257341743 0.0391797814518213 0.0444871857762337 0.0164882750250399 0.0112148351909127 0.0249871928244829 0.116090490482748 0.0752245816402137 0.0364374201744795 0.052588171325624 0.0615201583132148 0.0222239983268082 0.0298128542490304 0.0358049152418971 0.0491115264594555 0.0429813386872411 0.0471319565549493 0.0373883857391775 0.0455750762484968 0.0232610611710697 0.0273456568829715 0.0161281427135691 0.0221647440921515 0.0236409865319729 0.0521922785555944 0.0644277727697045 0.0967652928084135 0.0757595831528306 0.0988902291283011 0.0891259629279375
0.00710654020076618 0.0270199351944029 0.0465547172352672 0.0826756432652473 0.0732994191348553 0.0622170669957995 0.0406987094320357 0.0234208693727851 0.0282845487818122 0.0475804870948195 0.050556926522404 0.0319170721340925 0.0209927794057876 0.0164859245996922 0.00960177090018988 0.0302197905257344 0.0361542962491512 0.0353559153154492 0.0380318481475115 0.0348396804183722 0.0309342918917537 0.0393991377204657 0.0386721845716238 0.0171832609921694 0.023306004004553 0.0367031991481781 0.0704542580060661 0.0678039100021124 0.0487400407437235 0.02995365858078 0.0266259028576314 0.0137000179383904 0.0194603139534593 0.0324842096306384 0.0406643082387745 0.0382872316986322 0.10149234905839 0.0498872511088848 0.0841327263042331 0.0310606753919274 0.0268540175165981 0.0151787067297846 0.0360492626205087 0.0282260873354971 0.092602745629847 0.0686945710331202 0.0394946429878473 0.0429668352007866 0.0737892044708133 0.100450957193971
0.0108300177380443 0.0481884274631739 0.0277102361433208 0.0760794868692756 0.0993222771212459 0.104726631194353 0.0507431365549564 0.0498195257969201 0.0507671041414142 0.0296518341638148 0.0435271947644651 0.0318594370037317 0.0756088718771935 0.0240019802004099 0.0694133290089667 0.0903755165636539 0.0782302003353834 0.068454822525382 0.0660316133871675 0.0645606168545783 0.072949206456542 0.0476356686558574 0.0231169643811882 0.0205518669972662 0.0163854667916894 0.0152543170843273 0.0557897165417671 0.0480370414443314 0.0396893192082644 0.0281473686918616 0.0273645853158087 0.0211010132916272 0.0296086310409009 0.0540337790735066 0.0364310382865369 0.0357320748735219 0.0594444870948792 0.074145944789052 0.0715691102668643 0.0255293366499245 0.0143438252271153 0.00246204430004582 0.00284954039670993 0.113092305138707 0.137137856334448 0.119815606623888 0.0897538745775819 0.130875712260604 0.100638370029628 0.149517115205526
0.0108507806435227 0.046378331258893 0.0288831412326545 0.0759559590369463 0.100688949227333 0.0821582488715649 0.0277505232952535 0.0281060724519193 0.0258466987870634 0.0265663024038076 0.0272757834754884 0.0342754968442023 0.081632811576128 0.0925568323582411 0.0678086495026946 0.0913430191576481 0.0930846892297268 0.0808879374526441 0.0306398570537567 0.0826706802472472 0.086078118532896 0.0445137182250619 0.0237977302167565 0.0151740624278318 0.0250236494466662 0.0292142694815993 0.0183386199641973 0.0214948797365651 0.011487053357996 0.0213922304101288 0.0177016849629581 0.016865320620127 0.0272541677404661 0.0516330869868398 0.0498165306635201 0.0538272364065051 0.0712292240932584 0.0594405932351947 0.0816565677523613 0.059139528311789 0.0269616651930846 0.00141189969144762 0.00152630024240352 0.0374968522810377 0.116150877438486 0.131836028769612 0.147505482658744 0.161294653080404 0.0989663368090987 0.128087554126978
0.0121923841070384 0.0602926686406136 0.0237184308934957 0.0717441844753921 0.103717213496566 0.0476278765127063 0.0585848153568804 0.0523546971380711 0.0265261512249708 0.0272804843261838 0.0570851019583642 0.0399344805628061 0.0650414885021746 0.0360255124978721 0.0876099467277527 0.0986202750355005 0.0865522660315037 0.0638447464443743 0.0699140331707895 0.103504158556461 0.087148224003613 0.0548567119985819 0.0350376318674535 0.0136704022152117 0.0273031627293676 0.0304673078935593 0.0345534032676369 0.0202935514098499 0.016457588513731 0.0176997818052769 0.059011522680521 0.0240698853158392 0.00267956889001653 0.0646542040631175 0.0728569477796555 0.0724000250920653 0.0863006105646491 0.0653150207363069 0.0732368584722281 0.0932604027912021 0.00401724057155661 0.00170328613603488 0.00175986971589737 0.0018215972231701 0.0596674429543782 0.165939563885331 0.176057051867247 0.11972641479224 0.186471212655306 0.11080576851964
0.0124781620688736 0.0595253277570009 0.022559015545994 0.0563915381208062 0.113288730382919 0.0715123191475868 0.0317020369693637 0.0322934472933412 0.0596904163248837 0.0610466706566513 0.0578434439375997 0.0702397669665515 0.0690097319893539 0.0307757635600865 0.0635508908890188 0.0952449068427086 0.11631971783936 0.0908934520557523 0.111651927232742 0.105579571798444 0.090997101739049 0.0211386070586741 0.0400156071409583 0.0394623191095889 0.039986846037209 0.0186461603734642 0.000791591388406232 0.00197306773043238 0.033904953073943 0.0354786380194128 0.0465109804645181 0.00298232480417937 0.0592347306373995 0.0780923683196306 0.0876379096880555 0.0828893333673477 0.0644940086640418 0.0804052809253335 0.112186047714204 0.0906719285994768 0.00430837058229372 0.00187565380474553 0.00189266071538441 0.00190957405720837 0.0157004514476284 0.130286691710353 0.119991825893521 0.128688668832183 0.189928792417049 0.0868890359997749
0.00864529667887837 0.0213436358608305 0.0250261423643678 0.0857324553653598 0.130332736298442 0.0674983132630587 0.0290009323507547 0.0298682185821235 0.0305048148147762 0.0926870964467525 0.0645759487524629 0.0747974496334791 0.0452700657770038 0.0266196974553168 0.0495557268150151 0.0637556361034513 0.0801690947264433 0.0931966193020344 0.104697922244668 0.0976375956088305 0.0850189467892051 0.0469972332939506 0.0405186438001692 0.0416227113455534 0.0314138159155846 0.0346820137929171 0.0439628402236849 0.00312287837732583 0.0598923666402698 0.0569819463416934 0.0504862894304097 0.0443307257373817 0.0854984931647778 0.0766660328954458 0.0638653137721121 0.102234242483974 0.0908054783940315 0.0852978462353349 0.0407746629789472 0.0660168174654245 0.00623672734946012 0.00193337720702402 0.00193161817151122 0.00192826081183739 0.00333516913815401 0.104342934209853 0.0701396856456995 0.0631748475134373 0.138458596542478 0.159087544307113
0.0113312588437111 0.0179595779627562 0.0116243697702885 0.027535552624613 0.0490781599655747 0.0196286470163614 0.0170295957941562 0.0128333305474371 0.017740594688803 0.031095455866307 0.0411294472869486 0.0616158223710954 0.0355966119095683 0.0247959834523499 0.0251631047576666 0.0259583415463567 0.0474273911677301 0.16098103672266 0.12083484698087 0.167784653604031 0.113170982338488 0.0880868816748261 0.102117721922696 0.119883763603866 0.17906316369772 0.205633748322725 0.0402179843804333 0.00466322060674429 0.0290311710850801 0.0896012429147959 0.0748500861227512 0.138691052794456 0.128637442365289 0.15314993262291 0.150249138474464 0.191690966486931 0.143807543441653 0.0744742564857006 0.0517117101699114 0.0966761587187648 0.00587429106235504 0.00393833668204024 0.00383820029674098 0.00226092210505158 0.00215297512477264 0.0453604841604829 0.0770487869158387 0.0491164047271013 0.128610651008785 0.151875708252192
0.000254630220297258 0.00823674807907082 0.0101271143648773 0.0196825310122222 0.0215149563737214 0.0213221171870828 0.0115705907810479 0.0154753685928881 0.0194850678090006 0.0135448090732098 0.0319111777935177 0.0603359611704946 0.0431191059760749 0.0295332847163081 0.0254669897258282 0.0258330586366355 0.0402152659371495 0.149672020226717 0.0773798758164048 0.123981963843107 0.103146214038134 0.0692740390077233 0.0775325391441584 0.191037409007549 0.165360956452787 0.251260787248611 0.0537453978904523 0.00530531525146216 0.0519930301234126 0.130342481657863 0.093020991422236 0.181052017956972 0.121309891343117 0.150073632597923 0.156871024519205 0.18528900295496 0.145762199535966 0.051166714169085 0.103914895094931 0.124247945845127 0.0463305104058236 0.00727193796774372 0.00225659861462191 0.0022389724617824 0.00212585349800065 0.00201428640866652 0.0786946616135538 0.0481508504599333 0.12715719640255 0.160806801170111
0.000251376863161568 0.00645583807636285 0.0190148660476552 0.0656373910605907 0.0233470739331096 0.0131810281891376 0.0158982796128839 0.0123216225765646 0.0296825638506562 0.0236265943385661 0.0177789954468608 0.0377966607920825 0.0785513427108526 0.0554583328776062 0.0349449794739485 0.0260584955103695 0.0485599497333169 0.0893532484769821 0.0496032517403364 0.190405983477831 0.0493834465742111 0.0571226226165891 0.158247917890549 0.147041041404009 0.192024957388639 0.174138175323606 0.00347667123423889 0.00555685488507152 0.0678645090665668 0.105710128322244 0.119510998949409 0.151505436748266 0.0502000665292144 0.0591990165412426 0.152844712138176 0.152854580432177 0.086905762553215 0.0765147404745221 0.123927106149495 0.0695083625614643 0.046068869123701 0.00620952068129554 0.00663455517496914 0.00429163314402103 0.00209481606725603 0.0019794637337327 0.041130022436846 0.115291434340179 0.133154830895364 0.0929464548826218
0.0125595527351834 0.0269081664519035 0.0195867011789232 0.0341951181180775 0.0165073901880533 0.0129126266110688 0.0114707536995411 0.000534582519321702 0.000530036952113733 0.0306608183891512 0.0252610654570162 0.0233985665254295 0.0547860944643617 0.0599309764802456 0.0436567207798362 0.0315414615906775 0.0927253160625696 0.0626953858882189 0.0768290935084224 0.0954587003216147 0.0500258235260844 0.0712671643123031 0.124444992281497 0.162235960364342 0.153514822944999 0.199304301291704 0.116504796897061 0.00528446369571611 0.0029315733409021 0.0929932044818997 0.197205385193229 0.0924086151644588 0.052944153547287 0.0669477973133326 0.151474889367819 0.105931980535388 0.0850793132558465 0.142892064526677 0.193392356857657 0.0971044320613146 0.142519714310765 0.086354197235778 0.0704073116648942 0.064952016226016 0.00235283141955733 0.00194214377552271 0.00209029653342441 0.103247193619609 0.0918436730280519 0.0422551156952977
0.0116580438334495 0.0139073056634516 0.015353478025645 0.0213036260101944 0.0199933506082743 0.0123149789869785 0.00567964317451697 0.000511683261720464 0.000482249859487638 0.000499220375786535 0.00051637775322888 0.000726668193237856 0.0614181216806173 0.0487256022170186 0.0620553279295564 0.055288968142122 0.053270548582077 0.178867392241955 0.145576765760779 0.0751524502411485 0.0686058485880494 0.0529214525595307 0.179903127253056 0.112139347009361 0.122538388706744 0.109044911339879 0.127089129760861 0.0157019525067881 0.038287813833449 0.101205051876605 0.137720478698611 0.17797052487731 0.132163414731622 0.0503627154394053 0.164114929735661 0.126416835002601 0.0867017284035683 0.0818785028532147 0.0795491812750697 0.089250385761261 0.12774002365768 0.142400905489922 0.0970285022631288 0.0501380630303174 0.00540641415864229 0.00189825805136934 0.0022461783955805 0.184938125312328 0.0453578839078546 0.044203064404428
0.00529166823253036 0.00577455191523768 0.0177617177832872 0.0208335919305682 0.00938368239440024 0.00980840181000531 0.00343156796589028 0.000569273644941859 0.000506358977872878 0.000524965100339614 0.000543821923201904 0.000924435429624282 0.085776393301785 0.0532296416349709 0.0215437333099544 0.0205470384098589 0.0292978719808161 0.0690699834376574 0.0645697563886642 0.0773189840838313 0.0500892149284482 0.0801522983238101 0.110159869305789 0.0522135207429528 0.106284260749817 0.0899263620376587 0.16055933944881 0.0996182477101684 0.151792573742568 0.176103554666042 0.191175743937492 0.127300010994077 0.074591064825654 0.05849222157849 0.0794618055224419 0.146040245890617 0.0665744906291366 0.0601673796772957 0.130565196275711 0.122192012146115 0.0786379612982273 0.0997412838041782 0.0148098841891624 0.00787628209218383 0.00207225879421458 0.00202177226310596 0.00603001227136701 0.161210233345628 0.0675003323121928 0.0626017537433654
0.0119382359553128 0.0155581525032176 0.0234188479371369 0.025146747706458 0.0173808287363499 0.0341195263899863 0.0105087868869305 0.00806468653900083 0.0078703137987759 0.000948725719354115 0.000936539712711237 0.0241103077423759 0.0376105369068682 0.0308995288796723 0.0197464465163648 0.0295276949182153 0.0228690928779542 0.0312737980857491 0.0866350308060646 0.102087622508407 0.0697706770151854 0.0520795807242393 0.0811745878309011 0.0935787037014961 0.171129215508699 0.156925654038787 0.161562960594893 0.122622394934297 0.168532505631447 0.19396011903882 0.161596562713385 0.0654036700725555 0.119440831243992 0.0565817571477965 0.0031050049001351 0.0887647018535063 0.110268616117537 0.09906046371907 0.0637827245518565 0.160733088850975 0.18090452440083 0.055761385592632 0.00216369953704998 0.00212000648025423 0.00203035108279437 0.00345559915876947 0.098134855972603 0.186202462762594 0.181644063442945 0.067179967649281
0.0318300789222121 0.0243449786212295 0.0203566919080913 0.0290026941802353 0.0310826627537608 0.0339170270599425 0.0459255753085017 0.0459483042359352 0.0429828269407153 0.0444275261834264 0.0415068697184324 0.0279423985630274 0.0337763200514019 0.0399525269167498 0.00577811565017328 0.0404659955092939 0.0273366896435618 0.0312727340497077 0.0535255316644907 0.0704503115266562 0.0820524273440242 0.0715619986876845 0.0842132987454534 0.10945788025856 0.11160059645772 0.113046426326036 0.220292212441564 0.179203230887651 0.189308047294617 0.115013768896461 0.120721696875989 0.104498460888863 0.0655255112797022 0.00310791633091867 0.0259248282527551 0.180661756545305 0.07904761005193 0.0792614072561264 0.105086142197251 0.0600595828145742 0.127943610772491 0.00415369239635766 0.00211077166022733 0.00207022263202816 0.0019846708746627 0.00572998201823793 0.181004170328379 0.171656057238579 0.202833456918597 0.161469019949436
0.0215176350902766 0.0279975887387991 0.0236297291703522 0.0307579548098147 0.0291519998572767 0.0357000771909952 0.0427292808890343 0.0389060485176742 0.0344695039093494 0.0226907799951732 0.028728277888149 0.037499247584492 0.0571507019922137 0.0616958914324641 0.0645234822295606 0.0484548844397068 0.0385846691206098 0.0367882498539984 0.0319238789379597 0.0579585721716285 0.0706289522349834 0.187472727149725 0.168556749820709 0.16033061221242 0.143150743097067 0.167208377271891 0.14986146427691 0.129963869228959 0.107629992999136 0.110390339978039 0.0779363736510277 0.103306362405419 0.141420958563685 0.110300325555727 0.186794776469469 0.145900830510072 0.0965319210663438 0.102793466299772 0.0902196196839213 0.0639355191960931 0.0281732379808091 0.00208983232732862 0.00205516756977886 0.00201909651514143 0.00751732045318931 0.0417580063804053 0.17384909838438 0.11254551447928 0.0608295872807503 0.124530349858105
0.0139389347750694 0.0192751248832792 0.0134902608115226 0.0331606762483716 0.0324952290393412 0.0313394470140338 0.0553390644490719 0.0496950875967741 0.0105475219897926 0.0124629798810929 0.0367272864095867 0.0419472949579358 0.0269786708522588 0.03027378115803 0.0531687922775745 0.045218838378787 0.0634214943274856 0.0688965418376029 0.081263184081763 0.0350065152160823 0.0994341839104891 0.147295100614429 0.225152123719454 0.169769890606403 0.121081033721566 0.13983609713614 0.085398786701262 0.0558917419984937 0.0783757632598281 0.10076049529016 0.133791470900178 0.147825861349702 0.118563398718834 0.161998465657234 0.070127860410139 0.107032093219459 0.100443100556731 0.104823942296207 0.0509371744119562 0.0939210299402475 0.0757261025137268 0.00319728202885017 0.00156896762200631 0.00142315120319836 0.00623765238560736 0.0766523949278053 0.116410668939352 0.0425179395824671 0.0721266632899642 0.134818483144045
