data/hab_qual_1000.asc
NCOLS 117 
NROWS 87 
XLLCORNER 110650 
YLLCORNER 6895750 
CELLSIZE 1000 
NODATA_value -9999 
[rows 0 to 21 of 87, columns 0 to 48 of 117]
-9999.000000000000000 -9999 -9999 -9999 -9999 -9999 -9999 -9999 -9999 -9999 -9999 -9999 -9999 -9999 -9999 -9999 -9999 -9999 -9999 -9999 -9999 -9999 -9999 -9999 -9999 -9999 -9999 -9999 -9999 -9999 -9999 -9999 -9999 -9999 -9999 -9999 -9999 -9999 3.35692959652079e-07 3.42388155890935e-06 6.20543916763406e-06 5.4567633907728e-06 -9999 -9999 -9999 -9999 -9999 -9999 -9999
-9999 -9999 -9999 -9999 -9999 -9999 -9999 -9999 -9999 -9999 -9999 -9999 -9999 -9999 -9999 -9999 -9999 -9999 -9999 -9999 -9999 -9999 -9999 -9999 -9999 -9999 -9999 -9999 -9999 -9999 -9999 -9999 -9999 -9999 -9999 -9999 3.57198475242626e-08 1.1004802986905e-07 4.67844521687346e-07 1.31044381362244e-06 7.21867528525877e-06 0.000108521844216353 0.000120504352987784 1.84904972400091e-05 -9999 -9999 -9999 -9999 -9999
-9999 -9999 -9999 -9999 -9999 -9999 -9999 -9999 -9999 -9999 -9999 -9999 -9999 -9999 -9999 -9999 -9999 -9999 -9999 -9999 -9999 -9999 -9999 -9999 -9999 -9999 -9999 -9999 -9999 -9999 -9999 -9999 -9999 -9999 -9999 -9999 1.40463584212212e-08 8.52599483813776e-08 1.84139317624954e-06 7.36638293858505e-05 0.000439717616936832 0.000964295371522894 0.000659214862607769 9.68731907562415e-05 3.2915733471681e-05 -9999 -9999 -9999 -9999
-9999 -9999 -9999 -9999 -9999 -9999 -9999 -9999 -9999 -9999 -9999 -9999 -9999 -9999 -9999 -9999 -9999 -9999 -9999 -9999 -9999 -9999 -9999 -9999 -9999 -9999 -9999 -9999 -9999 -9999 -9999 -9999 -9999 -9999 -9999 5.59005933098433e-07 1.24683235417257e-06 2.11681519941465e-05 0.000163493575149687 0.000639184449828463 0.00081262963154586 0.000917950843431754 0.000841483941476326 0.000699240056055714 0.000740403314696604 0.00125912696239538 0.000855365802999586 0.00116564088135159 -9999
-9999 -9999 -9999 -9999 -9999 -9999 -9999 -9999 -9999 -9999 -9999 -9999 -9999 -9999 -9999 -9999 -9999 -9999 -9999 -9999 -9999 -9999 -9999 -9999 -9999 -9999 -9999 -9999 -9999 -9999 -9999 -9999 -9999 -9999 1.04341177973311e-05 2.34007466119801e-05 7.53603889415899e-05 0.000376690968223556 0.00155899298551958 0.00154162430852011 0.000424772312780988 0.00140718711974841 0.00135990837065037 0.00212789403216448 0.00363112278166227 0.00421836833818816 0.00311962771113031 0.00297273793091465 -9999
-9999 -9999 -9999 -9999 -9999 -9999 -9999 -9999 -9999 -9999 -9999 -9999 -9999 -9999 -9999 -9999 -9999 -9999 -9999 -9999 -9999 -9999 -9999 -9999 -9999 -9999 -9999 -9999 -9999 -9999 -9999 -9999 -9999 -9999 8.22983638499863e-05 0.000236388614212046 0.000410338833462447 0.000869743050425313 0.00265861029387452 0.0055104742830008 0.00389085345275817 0.00442341123678489 0.00538951282156631 0.00349927307339385 0.00534211074234918 0.007124379274901 0.00607488616951741 0.00332185646955254 3.82386949190226e-05
-9999 -9999 -9999 -9999 -9999 -9999 -9999 -9999 -9999 -9999 -9999 -9999 -9999 -9999 -9999 -9999 -9999 -9999 -9999 -9999 -9999 -9999 -9999 0.000245393966906704 0.000245316766571098 -9999 -9999 -9999 -9999 -9999 0.00103588361248729 0.00238004174995391 -9999 -9999 -9999 0.000281146335120346 0.000408626799721138 0.000768668603552392 0.00160847992927302 0.0058277782634832 0.0124681487283669 0.0114340483790147 0.014313633380807 0.00946826271363534 0.0117301425500773 0.00977806664537638 0.00462042919942178 0.00146648969923262 0.000265696972254166
-9999 -9999 -9999 -9999 -9999 -9999 -9999 -9999 -9999 -9999 -9999 -9999 -9999 -9999 -9999 -9999 -9999 -9999 -9999 -9999 -9999 0.000750904408050701 0.000833428605619702 0.00129757445462192 0.00149181526163981 0.00171310668156366 0.000513316474643943 3.87527199517674e-05 -9999 0.000158103250972393 0.000927283929763135 0.00318965250092636 0.00339817884741933 -9999 -9999 -9999 -9999 0.000446949058338456 0.002096391391824 0.00617810564581305 0.0174359896313399 0.0256245464505628 0.0270064683194505 0.0276482800452504 0.0203729481250048 0.0138216939475387 0.00878918012371287 0.00321531662717462 0.00233876137121115
-9999 -9999 -9999 -9999 -9999 -9999 -9999 -9999 -9999 -9999 -9999 -9999 -9999 -9999 -9999 -9999 -9999 0.000364418498065788 0.000875073816860095 0.00225030270405114 0.0023674966301769 0.0046046347825979 0.00831864055013284 0.00556764508481137 0.00332614020764595 0.00176310420683876 0.000691137819376308 6.02915994167101e-05 7.73497324010245e-07 8.14039209444672e-05 0.000744636092822475 0.00297959541669115 0.00303625175486862 0.00341985654861977 -9999 -9999 -9999 0.000303628206893336 0.00263912269341138 0.00630088931648061 0.0144369576341705 0.0235277907934505 0.032470160801895 0.0258592284691986 0.0179366763139842 0.0116697470424697 0.0084788110118825 0.00342585386009887 0.00362260913709179
-9999 -9999 -9999 -9999 -9999 -9999 -9999 -9999 -9999 -9999 -9999 -9999 -9999 -9999 -9999 1.5916530173854e-06 4.62033464217916e-06 0.000561489928529497 0.0022293244197499 0.00367610127199441 0.0030058325396385 0.00434884575195611 0.00942779852543026 0.00808077654219233 0.00497156605895725 0.00293954087181191 0.00100347810492167 0.000190235973311701 3.79371314664922e-06 3.30915662743791e-05 0.000643543811893323 0.0034730332728941 0.00449247902608477 0.00509110444060449 0.00467694639543987 -9999 -9999 -9999 0.00334082909394056 0.00742276994019954 0.0142667991435155 0.0203216662924387 0.0241811678826343 0.0163361829845235 0.0101922698505223 0.0105501239234582 0.00767056917538866 0.00380648097489029 0.00401209172094241
-9999 -9999 -9999 -9999 -9999 -9999 -9999 -9999 -9999 -9999 -9999 1.08514051286572e-05 0.000496762508123538 0.00155958920731791 0.00128213118350686 0.000149172505679135 3.47809910931574e-05 0.000208787769915943 0.00217144986963831 0.00427251895831432 0.00657173910876736 0.00762946501141414 0.00865402525756508 0.00952876200783066 0.00554141699918546 0.0021545224962756 0.000819194868381601 0.000316346875624731 4.46114257317731e-05 1.30182767156839e-05 0.000284045611333568 0.00138099456613418 0.00550956456630956 0.00681657505221665 0.00612646625086199 0.00494424017175796 -9999 -9999 -9999 0.00777741926722228 0.0108606027974747 0.0184416536075878 0.0119764964006026 0.0121322328969836 0.0083725493538077 0.0174738858314231 0.0143347936403006 0.00927293067798018 0.0107168854633346
-9999 -9999 -9999 -9999 -9999 -9999 -9999 4.74211146865855e-05 0.000108439615919801 0.000161490571485956 0.000323686275896762 0.000399283810371084 0.000679157438426046 0.00208331801200984 0.00237207475554897 0.0010944645498239 0.000336692316341214 0.000118914307495288 0.00165729911386734 0.00498807654716074 0.00749305673409253 0.00962419645162299 0.00778736546431901 0.00803010636940599 0.00492595391930081 0.00267517870757729 0.00103441627521534 0.000614079884107923 0.000405198765511159 4.70762692430071e-05 4.13987863248622e-05 0.000392782703856938 0.00271852797770407 0.00787898855749518 0.00876621301518753 0.004511354357237 -9999 -9999 -9999 0.00430430467240512 0.00811953412834555 0.0151112306414871 0.0133145822495862 0.0135396023758221 0.0187705045472831 0.0349295715149492 0.0131254367064685 0.0142323915613815 0.0151911026635207
-9999 -9999 -9999 -9999 -9999 -9999 0.00010197303527093 0.000199427680118312 0.000412312465996365 0.000793111388047691 0.000999062250484712 0.00133861054782756 0.00555451382038882 0.0032865216222126 0.00353475445997901 0.00126613863802049 0.000721438264736207 0.000457577249617316 0.001200252182025 0.00286509184283204 0.00517253968631849 0.00907868661452085 0.00781829763902351 0.00558759171370184 0.00534433836815879 0.00306008931715041 0.00103738506091759 0.00140705774305388 0.00156777715135831 0.000472576960710285 7.69948525794462e-05 0.00012848467384174 0.00151132447907003 0.0043180338316597 0.00823049043538049 0.00328009801724336 0.000640326811532889 -9999 -9999 0.0029451068257913 0.00677481965067273 0.0155517058679834 0.0216100386483595 0.0188498910097405 0.0302540481847245 0.0272309816768393 0.0231823730096221 0.0334134710114449 0.0254715268267319
-9999 -9999 -9999 -9999 -9999 -9999 0.000433373120176839 0.000394156826951075 0.000466194047839963 0.00116596973832202 0.00130024214227888 0.000794213146837137 0.00524318334180862 0.00483747317455709 0.00432310153264552 0.00213383200753015 0.00206132424063981 0.00230728332244325 0.00217716399696656 0.00316774431848899 0.00384763343492523 0.00571494173957035 0.00649497204693034 0.00651250080787577 0.00483395285205916 0.00365881924517453 0.00308449738076888 0.00363311437657103 0.00347031185403466 0.00196775306074414 0.000658805469283834 0.00015908354500425 0.00169873532926431 0.00395633104955777 0.00423735060030594 0.00232288335188059 7.58647601230091e-05 9.45333933141565e-07 -9999 0.000658946294736649 0.00332851716060153 0.00398155605304055 0.00637828660779633 0.0102433205302805 0.0233586042840034 0.0353289555502124 0.0132631593511906 0.038485176153481 0.042357242051512
-9999 -9999 0.000294686634636795 0.000111294714012426 -9999 -9999 0.00019756594540215 0.000357348623538201 0.00116999669509823 0.00112875119306409 0.000195532341058424 0.00030407207051212 0.00659219471272081 0.00594522248444264 0.00430807873010053 0.00441998740658164 0.00595508789643645 0.00497029655147344 0.0048030116269365 0.00561842520022765 0.00306035914923996 0.004069644092815 0.0067104035790544 0.00616101668216288 0.00515380415716209 0.00815199742792174 0.00692204641876742 0.00688582645496354 0.00465945627314795 0.00351548388600349 0.00278120465867687 0.000503083553121542 0.000864149672124768 0.00239391509094276 0.00211873505119001 0.0007915419352139 1.29282227162619e-05 7.11761365864335e-08 1.99231037788041e-06 0.000198369080117118 0.00305582555825822 0.00667666264809668 0.00829782142071053 0.00722765763523057 0.0233880295790732 0.0272285937517881 0.0243790232150059 0.0276011081691831 0.0220513230236247
-9999 -9999 0.000308861878875177 9.42970081752037e-05 1.25430493236323e-06 -9999 -9999 0.000772312841685821 0.0026675349927973 0.00256598390289582 0.00190508633852005 0.00274828670611896 0.0069674382195808 0.00961427635164 0.0043703097771504 0.0053953629557509 0.00638701050673262 0.00624745259570773 0.00381019544758601 0.00407238189254713 0.00245562280644663 0.00247846252517775 0.00486804038206174 0.00675017776571622 0.00798447031527758 0.0130049951607361 0.0121089477743953 0.00945230970857665 0.0100080619961955 0.00501960580702871 0.00652496221242472 0.00411168020393234 0.000212734995839128 0.000397487550944788 0.000129363447151718 8.07957249389801e-05 2.11387967141263e-06 1.37812194083153e-06 9.01521925055704e-05 0.000865528781250759 0.00422790114302188 0.0128217855561525 0.0180691754631698 0.0103643735311925 0.0189180672727525 0.0289337097620592 0.018683362013835 0.0113628821262682 0.0105104444059543
-9999 -9999 0.000105231462657684 2.47033854765277e-05 7.06219338454715e-07 -9999 -9999 0.000513399520423263 0.00174903809675016 0.00223263044987107 0.00417450675973669 0.00778783748974092 0.0122844166436698 0.00678416167735122 0.00687189843360102 0.00935785505222157 0.00679511072637979 0.00488607250154018 0.00219812820992956 0.00329536431752786 0.00361258981894935 0.00627033040393144 0.00298235400499834 0.00420142876675527 0.0098603852436645 0.0102682794048451 0.0130627292930149 0.00991829310485627 0.0104706479745801 0.0117811279091984 0.0127153693465516 0.00517388639913406 0.000600293399802467 0.00221612516630557 0.00141408643959494 7.47945157218055e-05 8.01117279678465e-06 1.33945955246872e-05 0.000676997608497913 0.00317462210368831 0.00822757836431265 0.0182039784826338 0.0164145685918629 0.0183649279829115 0.01987535331049 0.0204881864925846 0.0291369410883635 0.0114691467792727 0.00583763160859235
-9999 0.00128399959066883 0.000955938595839341 0.000351013772128031 5.13408448503989e-06 -9999 -9999 0.000351123972359346 0.00140526890609181 0.00273061492014676 0.00322724146884866 0.00557049892144278 0.0111895946227014 0.0146670108940452 0.00989831344224513 0.0108247160702012 0.00834659414067573 0.00391270009698928 0.0130409428407438 0.0144813441485167 0.0145682900951942 0.0115211756713688 0.00974652223172598 0.00733096717856824 0.0157023498276249 0.01106932522016 0.00615215642945259 0.00890543970454019 0.011563997566991 0.0164911950565875 0.0156711758859456 0.00915119324345142 0.00662482157349586 0.0106830698810518 0.00460053315968253 0.000422247866663383 4.14042347688337e-05 0.000144810066890386 0.0032826280608424 0.0125859144044807 0.0129998054774478 0.0263003876712173 0.0294675111630931 0.0242000298300991 0.0177069591195323 0.030380550744012 0.0369570459565148 0.00688980089034885 0.00236468978459015
-9999 0.00237827864475548 0.00162301974836737 0.000586096570259542 -9999 -9999 -9999 0.000198153860401362 0.00129972804803401 0.00383088545291685 0.00384606763138436 0.00350594422376162 0.00900708891451359 0.00974824244854972 0.00501920450245962 0.00416508573107421 0.00256933004129678 0.00522308060666546 0.0136242772080004 0.00889745327127457 0.00962111808650661 0.0127780234778766 0.00798818751020008 0.0123996481718495 0.0199187706783414 0.00783746981222066 0.0109739010711201 0.0103320750209969 0.0106769845177769 0.0130962317134254 0.01401413679705 0.0135919439373538 0.0196590597368777 0.0173142086307053 0.00974869682802819 0.000290497838977899 4.37806432091747e-05 0.000829963217238401 0.008352307213936 0.0228126906091347 0.0223739284370095 0.0286763437837362 0.0320529631804675 0.0233448182651773 0.0299027060810477 0.0303106269240379 0.0130415162537247 0.00256593085476197 0.00447319384431466
-9999 0.00548246910329908 0.00228456550685223 0.000501620186365802 0.000175115229875042 -9999 -9999 0.000313479932083283 0.00160490912559908 0.00599800709518604 0.00734856726019643 0.00108315808586894 0.00100156993812561 0.00177798488526605 0.00179015673347749 0.00384350447333418 0.00321113722326118 0.00459887962206267 0.0100144410523353 0.00836752393341158 0.00940740485908464 0.0143435031920671 0.0114247821620665 0.0127751120208995 0.0135746452934109 0.00946005478035659 0.00686609432297701 0.00882377432659268 0.0187199353473261 0.0152740097022615 0.0136798564693891 0.0140015504416078 0.0343857679981738 0.0335504986788146 0.00875409472850151 0.000429034230894558 2.26322238853527e-05 0.000530716920939085 0.00590876631147694 0.0133760525891557 0.0157955828728154 0.0380544758681208 0.0413970727287233 0.0378127688262612 0.044757108874619 0.0164355229097418 0.00450597810558975 0.00915205860510468 0.029393188203685
-9999 -9999 -9999 4.92050404924764e-06 1.55036519636007e-06 -9999 -9999 0.00039000960678095 0.00113740322063677 0.00311845968375565 0.00432117830961943 0.000844319514762901 0.00016264786483589 0.00367848398396745 0.00605502672551665 0.00624904067837633 0.00261471209454612 0.00162488407668206 0.00404719868267421 0.00357827252359129 0.00255013256683014 0.00418129862402566 0.00423980396823026 0.0109207696188241 0.0106653894786723 0.0105955544044264 0.00875722247874364 0.0194095512386411 0.0130318874446675 0.0171762270126783 0.0164994241768727 0.0151805282867281 0.0204030980766402 0.02793430052232 0.0181221103214193 0.00495469254070486 0.000733637045507294 0.00122902730710848 0.000467662169812684 0.00638930092038208 0.0334489565435797 0.0453523803316057 0.0459616929618642 0.0577402364416048 0.0289294722303748 0.00919392618350685 0.0160726094269194 0.0430514804739505 0.0455096752475947
-9999 -9999 -9999 7.65452068662853e-06 2.11197682986608e-06 -9999 4.60925947562727e-06 5.38464207068046e-05 0.000418660390678269 0.00109343768383042 0.00175854337285273 0.00142492524630922 0.000306572920817416 0.00382495505618863 0.00437979586422443 0.00408726176247001 0.00140654855204048 0.00042974996044491 0.000622855294447315 0.000616317360145331 0.000562554595890106 0.00046682449094078 0.00119098372204462 0.00402857248787768 0.00573514912393875 0.00925347936805338 0.0146430589095689 0.0152684332802892 0.0161661503277719 0.0197781221175683 0.028940893416293 0.0247524831816554 0.0158648193677072 0.0285748198628426 0.029483008182724 0.0305974690010771 0.0151867157989182 0.0156665334569698 0.00147480158346298 0.00331768129633929 0.0381155910063535 0.0682819433324039 0.0905251394608058 0.0979562698537484 0.0737858533021063 0.0135791884176433 0.0270635298453271 0.0657668913528323 0.0883432996459305
