data/hab_qual_1000.asc
NCOLS 117 
NROWS 87 
XLLCORNER 110650 
YLLCORNER 6895750 
CELLSIZE 1000 
NODATA_value -9999 
[rows 22 to 43 of 87, columns 0 to 48 of 117]
-9999 -9999 -9999 -9999 -9999 0.000153783241785277 8.83113098950616e-05 1.77844033083829e-05 5.93044489869499e-05 0.000345126279917167 0.00050121183754527 0.000338759764472894 -9999 -9999 -9999 -9999 -9999 -9999 5.08894366551734e-05 8.55145195583214e-06 6.803561233861e-06 2.20821846367869e-05 0.000139071842511385 0.000790556907013524 0.00148918815713841 0.0019488724792609 0.00374864459736273 0.00481942313344916 0.00817541355383582 0.00953549714758992 0.0188904516841285 0.036521405489184 0.0237370893576735 0.012672661949764 0.0480485322128516 0.0576754973642528 0.0344016088824719 0.0198550054535735 0.0021555730394175 0.0177071180161147 0.0676443756744265 0.0729065510630608 0.108049418875016 0.123892082942184 0.140215087593533 0.0536380195710808 0.0265224052406847 0.0994588273391128 0.120497782356106
-9999 -9999 -9999 -9999 -9999 0.000266067800112069 0.000193738973757718 6.26736093181535e-05 3.33834020693757e-06 4.25586603341799e-05 0.000139485566614894 5.03949818266847e-05 -9999 -9999 -9999 -9999 -9999 -9999 -9999 7.86133824133958e-10 9.50021135683044e-09 8.05547301929721e-08 1.57041588584761e-06 5.41275442355982e-05 0.000247981448301289 0.000484550114924787 0.000636188661155757 0.00152607137744781 0.00565504461759701 0.00481609342270531 0.0115191292879172 0.0244427301967517 0.0464286820247071 0.0461626452679047 0.0481781907740515 0.0835877402219921 0.0368502277974039 0.0243910531658912 0.000841787926037796 0.0354752892709803 0.0714493537694216 0.116394407181069 0.176712456457317 0.195799446124583 0.22242954724934 0.113830682374537 0.05447245426476 0.0754479633364826 0.179982266863808
-9999 -9999 -9999 -9999 -9999 -9999 -9999 -9999 -9999 -9999 -9999 -9999 -9999 1.59124614526607e-11 2.57136573012049e-08 7.01133883889006e-06 1.95995820248035e-05 3.16569547528582e-05 1.54460674059944e-05 6.28898066129757e-06 6.45237632772577e-07 3.83746760057591e-08 6.26576891011865e-07 4.56619040096484e-05 0.000558718970132759 0.00349861979630077 0.00644113790884148 0.0113648619677406 0.0222103010350838 0.00735427989624441 0.014746105838567 0.0327873096987605 0.0407154776807874 0.0554773077950813 0.0742461279779673 0.0768713610433042 0.0633553339634091 0.0233977443835465 0.00311978219862795 0.0564077118132263 0.0692684681713581 0.119221730527934 0.106098883380182 0.246821844130754 0.156909269208554 0.164788435325027 0.119717494696379 0.124991345875897 0.167696716189384
-9999 -9999 -9999 -9999 -9999 -9999 -9999 -9999 -9999 -9999 -9999 -9999 -9999 4.24984137002242e-10 2.33482778611469e-08 2.42454026712124e-05 0.000137690540177573 0.000302833838504739 0.000448203533451306 0.000398097125653294 4.27290143677794e-05 8.02589636954565e-07 3.80732277136531e-06 0.000165342380123548 0.00201344523607986 0.0118357335031033 0.0294654217455536 0.0369067866681144 0.0451083602756262 0.0224474062304944 0.0266764002200216 0.0642709196265787 0.0519729661941528 0.0604479175293818 0.0555755746550858 0.104641704708338 0.0547802326455712 0.0170389006446931 0.000936951099720318 0.0337688229745254 0.0777905298396945 0.120312641523778 0.103661784625147 0.211220683008432 0.14215190787334 0.148890781030059 0.173787206783891 0.16444497353863 0.144483418106101
-9999 -9999 -9999 -9999 -9999 -9999 -9999 -9999 -9999 -9999 -9999 -9999 -9999 -9999 5.12407687836003e-07 4.02975683168427e-06 9.56709933643651e-05 0.000308965949443518 0.00159161694358772 0.00249778415134642 0.000468262625581701 4.65204334932423e-05 0.000123342086008051 0.000321120787339169 0.00276635413480108 0.0108987094089389 0.0354500516958069 0.0466959077771753 0.061720257140696 0.0449143449962139 0.033153521604836 0.0669806835893542 0.0759558602236211 0.0598289184819441 0.0632995394000318 0.0839363514166325 0.0228731414489448 0.00681850318098441 0.000542063964167028 0.0225166923587676 0.0718157956376672 0.1030075170286 0.125771734559676 0.240746780205518 0.207245412650518 0.206538129597902 0.226410500723869 0.161471260488033 0.216568108168431
-9999 -9999 -9999 -9999 -9999 -9999 -9999 -9999 -9999 -9999 -9999 -9999 -9999 -9999 -9999 2.29986477353415e-07 8.06487076080487e-05 0.000453967685534735 0.00129123280905333 0.00399081671610475 0.000734605538091273 0.00085609058089176 0.00277929493197007 0.000830237786722137 0.00223705726501066 0.0135196665907279 0.0261883652722463 0.0518305468931794 0.0741656205244362 0.0667430142313242 0.0498420238762628 0.0688980284554418 0.145314971804619 0.113961947001517 0.0805757727811579 0.125871826603543 0.0207674861652777 0.0062629479271709 0.000828332514720387 0.0242366603831761 0.105929625332356 0.151848267167807 0.191073266640306 0.22835663260892 0.368560145962983 0.340485222190618 0.262566374018788 0.227019229717553 0.261423916597851
-9999 -9999 -9999 -9999 -9999 -9999 -9999 -9999 -9999 -9999 -9999 -9999 -9999 -9999 -9999 3.17187785370265e-07 3.20871583099347e-06 0.000314038668018952 0.00136420388589613 0.00362359379301779 0.000369900030764256 0.0054521352665688 0.0114913038769737 0.0048437608871609 0.00372277363378089 0.00948691849596798 0.0288627945911139 0.0481534766871482 0.0512367838749196 0.0869203586317599 0.0729611762589775 0.0417566794098821 0.0698144801723538 0.107256998978555 0.106713413144462 0.11148883311078 0.0727488111332059 0.022415610216558 0.000663297828868963 0.0162654957816994 0.130297533906996 0.245332994339988 0.259679616009817 0.279618335925043 0.243595219226554 0.23749299810268 0.294238139241934 0.261832348704338 0.22006202571094
-9999 -9999 -9999 -9999 -9999 -9999 -9999 -9999 -9999 -9999 -9999 -9999 -9999 -9999 -9999 -9999 1.96792489545902e-07 0.000170054912932365 0.00323607459664345 0.0037732063162548 0.00385737838892965 0.0167274107807316 0.0180513798329048 0.0102249609399587 0.0128927366249263 0.0108666783198714 0.0271998923178762 0.0674125085771084 0.0608373242616653 0.0565636536059901 0.0723282445222139 0.0842451397888362 0.0560466631525196 0.143299819505773 0.126265275995247 0.0691385920718312 0.0792830934561789 0.0316475148929749 0.000818222084344598 0.0166255864927371 0.109588352069259 0.205168663337827 0.262611716687679 0.290453812330961 0.282890288382769 0.251323772296309 0.263329620063305 0.212507898556069 0.117737323431065
-9999 -9999 -9999 -9999 -9999 -9999 -9999 -9999 -9999 -9999 -9999 -9999 -9999 -9999 -9999 -9999 6.43466876226739e-07 0.000114511993636244 0.00214972251153085 0.0023461225639403 0.0190981089766137 0.0342084324095049 0.0233184317592531 0.0171833507530391 0.0221946533210576 0.0183470671111718 0.0154367375280708 0.0316332395235077 0.0611107267066836 0.0655697417980991 0.0651374804088846 0.0719621044071391 0.021162347238278 0.160629061241634 0.168965094834566 0.0985783476475626 0.056946831010282 0.011978261412587 0.00519136008806527 0.0597730394857354 0.177007310371846 0.297686375118792 0.249382364298217 0.236298386254348 0.284743046611547 0.195776802343316 0.310769083825871 0.302415777742863 0.132057787829544
-9999 -9999 -9999 -9999 -9999 -9999 -9999 -9999 -9999 -9999 -9999 -9999 -9999 -9999 -9999 -9999 -9999 0.000167107703866678 0.00111041732714511 0.00721957246219972 0.0507254853285849 0.0395726631581783 0.0353372828889405 0.0308057842962444 0.0431618387647904 0.0479529214370996 0.0390847339201719 0.0299854346725624 0.033511989141989 0.0649307725409744 0.0686321756849065 0.0953980979602784 0.0254089837230276 0.0998655242589302 0.159934563725255 0.0812699320074171 0.0426064471993595 0.00496630556270247 0.020881611580844 0.128487682975829 0.214409599341452 0.304488368034363 0.240940646454692 0.334728514254093 0.304512631576508 0.227964853867888 0.313669432550669 0.224357434790581 0.262850894331932
-9999 -9999 -9999 -9999 -9999 -9999 -9999 -9999 -9999 -9999 -9999 -9999 -9999 -9999 -9999 -9999 1.43775078608347e-05 0.00126173794948841 0.00466965287843777 0.0162043980060844 0.0632124122604728 0.0405500005651265 0.0650504384562373 0.0649004658777267 0.0283560000831494 0.0279394528392004 0.0549055350362323 0.0460301593120676 0.0734903505415423 0.11795886632055 0.0837240150081925 0.113821364194155 0.0277279771084432 0.100693349360954 0.138562592790695 0.0527494855038822 0.0419508388172835 0.00244001745828427 0.0217165547035984 0.125230945758522 0.233463292568922 0.344062437796965 0.240683698840439 0.294650397151709 0.335730308815837 0.371976057514548 0.301705550737679 0.276365600433201 0.273220960488543
-9999 -9999 -9999 -9999 -9999 -9999 -9999 -9999 -9999 -9999 -9999 -9999 -9999 -9999 -9999 -9999 3.20518704711503e-05 0.00263722245465033 0.00662396488944069 0.00952963077113964 0.0311382177268388 0.0319676828110823 0.0445877211354673 0.0957602220773697 0.120359485350782 0.0741734394524246 0.116411704290658 0.0700143020728137 0.0239017799741123 0.0979793387977406 0.0703924653073773 0.0938533785683103 0.0391931300633587 0.127373426367994 0.131907169464976 0.0350669126398861 0.0306055272463709 0.00101317044871394 0.0549525105080102 0.114417968839407 0.234388336390257 0.267958974316716 0.282554361745715 0.312696476373821 0.364686004817486 0.421428590118885 0.380517772883177 0.295533783845603 0.331627525165677
-9999 -9999 -9999 -9999 -9999 -9999 -9999 -9999 -9999 -9999 -9999 -9999 -9999 -9999 -9999 -9999 3.38831160888731e-05 0.000602253146839242 0.00953522941010306 0.0174540585448267 0.0227476987789851 0.0165134964627214 0.0419810329709435 0.0759122495725751 0.130477909557521 0.126678533933591 0.0959318719059229 0.0894432452111505 0.0287012257822789 0.1192390526901 0.0801954204426147 0.0477720117755234 0.0362824967829511 0.0752807320223656 0.0656661081500351 0.0377852281928062 0.00687481436587404 0.00163046156063501 0.0619533870788291 0.111132943623234 0.252468855194747 0.366936019137502 0.361485430747271 0.240821934873238 0.370263398252428 0.357494443543255 0.377758923508227 0.390992230176926 0.387897272109985
-9999 -9999 -9999 -9999 -9999 -9999 -9999 -9999 -9999 -9999 -9999 -9999 -9999 -9999 -9999 -9999 -9999 0.000122600124582691 0.00096814760805349 0.0051593858274282 0.0264770362572744 0.0350779036432505 0.0354665454331553 0.0730288088286761 0.110880296353716 0.114343158390839 0.0794271249743179 0.0477230275876354 0.0450600134773413 0.125193203072995 0.0559831814095378 0.0515794230718166 0.0858700441103429 0.0759187362075318 0.0492099830019288 0.0260968189500272 0.00894811432401184 0.00200559007593256 0.064720011819154 0.100351768042892 0.156522698756307 0.349376575602219 0.20390763644129 0.343863462852314 0.375234652506188 0.35788396528922 0.396160680418834 0.504464768469334 0.396237619202584
-9999 -9999 -9999 -9999 -9999 -9999 -9999 -9999 -9999 -9999 -9999 -9999 -9999 -9999 -9999 -9999 -9999 -9999 0.000177208691265827 0.000398070296624269 0.0100775269436417 0.0163180635822937 0.0435722615080886 0.0765006473450922 0.123511279317318 0.134274169541895 0.128753120261244 0.128919463502243 0.067467776137637 0.0503756840596907 0.0649417881341651 0.0538238218275364 0.0378029741812497 0.0880418403446674 0.0893176396563649 0.0230709329247475 0.0188730058673536 0.00289542111229821 0.0133682926336041 0.0926183903031051 0.211098155574873 0.383861804753542 0.385214574765414 0.431953613422811 0.373723648171872 0.353595434930176 0.413519119471312 0.282592640179209 0.478339321985841
-9999 -9999 -9999 -9999 -9999 -9999 -9999 -9999 -9999 -9999 -9999 -9999 -9999 -9999 -9999 -9999 -9999 -9999 -9999 0.000146050472491312 0.000734644003268841 0.00441357151197735 0.0275388086738531 0.0560054419422522 0.156426532641053 0.107791840792634 0.106112835861277 0.102072740016738 0.175727016218007 0.121189792031655 0.0818067517131567 0.0455817689746618 0.0339325226796791 0.0476151872053742 0.0661588083114475 0.105962286032736 0.0930946640251204 0.0124732238519937 0.00473888190870639 0.0586739644687623 0.177887555379421 0.353729534866288 0.32076660759747 0.385222493261099 0.387577621880919 0.354920508619398 0.385285859163851 0.448476660400629 0.419867668920197
-9999 -9999 -9999 -9999 -9999 -9999 -9999 -9999 -9999 -9999 -9999 -9999 -9999 -9999 -9999 -9999 -9999 -9999 -9999 2.81833781627938e-05 0.000978730946735595 0.0120165856615859 0.0218751474484452 0.0437273379633552 0.106390826519346 0.118863509274088 0.0634766436042264 0.0730321750079747 0.11391811542213 0.121801933459938 0.11311084471643 0.073843029323034 0.0580855868372601 0.0653927520627622 0.0800319763412699 0.093065968726296 0.0735211233049631 0.0294673613691702 0.00858589285286143 0.00946418311679736 0.0559427468059584 0.15435891777277 0.154537190645933 0.198364454731345 0.368217445723712 0.333930517397821 0.396170179992914 0.401122271418571 0.497923107147217
-9999 -9999 -9999 -9999 -9999 -9999 -9999 -9999 -9999 -9999 -9999 -9999 -9999 -9999 -9999 -9999 -9999 -9999 -9999 -9999 0.000431269063483342 0.00724715350885302 0.0116038750643741 0.0159736675936438 0.0445021954865661 0.0492728709615767 0.0422933508269489 0.0517822812218219 0.0595174360868987 0.152050493981224 0.23487222678028 0.149370867423713 0.129284817990847 0.114673135913908 0.130658391099423 0.163324296143837 0.154371890239418 0.190487051736563 0.149996336391196 0.0622558973450214 0.0234963081747992 0.0153781957129831 0.0673128746642033 0.177076395377517 0.239395288825035 0.380317339301109 0.410877233743668 0.39197241242975 0.424986451566219
-9999 -9999 -9999 -9999 -9999 -9999 -9999 -9999 -9999 -9999 -9999 -9999 -9999 -9999 -9999 -9999 -9999 -9999 -9999 -9999 -9999 -9999 8.67225050266522e-05 0.000826867332714181 0.00304603042488452 0.00557025253801839 0.00731308790022013 0.0238574181133299 0.0639535615779459 0.169306448847055 0.170267599970102 0.197697755917907 0.121718124113977 0.176197722628713 0.1239465290308 0.19566709863022 0.24584535007365 0.306641654446721 0.307210796326399 0.271614213064313 0.171125778220594 0.0303971916984301 0.0179619626610656 0.0881141651421785 0.177773533537984 0.334468814861029 0.386029611155391 0.398725111354142 0.421089460253716
-9999 -9999 -9999 -9999 -9999 -9999 -9999 -9999 -9999 -9999 -9999 -9999 -9999 -9999 -9999 -9999 -9999 -9999 -9999 -9999 -9999 -9999 -9999 -9999 0.0218112350126763 0.00736064796074061 0.00864061648781787 0.00457132203117302 0.031568308082642 0.127566626798362 0.137151165604591 0.199099677018821 0.119770932123065 0.17226752641378 0.214916445575655 0.207754994370043 0.217339057615027 0.295193318240345 0.332761551719159 0.296220048591495 0.33474190287292 0.231739386599511 0.0751252707000822 0.0247400434175506 0.116487165968865 0.240558313131332 0.345658471733332 0.346680167503655 0.348735570423305
-9999 -9999 -9999 -9999 -9999 -9999 -9999 -9999 -9999 -9999 -9999 -9999 -9999 -9999 -9999 -9999 -9999 -9999 -9999 -9999 -9999 -9999 -9999 -9999 -9999 -9999 -9999 0.0334202968678437 0.0072242867492605 0.122839295230806 0.191616743728518 0.155225168243051 0.1554103057459 0.193603080403991 0.268846048340201 0.225477842818946 0.261347077786922 0.390162722636014 0.39353712245822 0.489262952432036 0.406690744366497 0.380460556875914 0.188002405948937 0.025564467520453 0.0582437308318913 0.154193575005047 0.201661212523468 0.286125729354098 0.394402766823769
-9999 -9999 -9999 -9999 -9999 -9999 -9999 -9999 -9999 -9999 -9999 -9999 -9999 -9999 -9999 -9999 -9999 -9999 -9999 -9999 -9999 -9999 -9999 -9999 -9999 -9999 -9999 0.0575028089461503 0.00463549573579257 0.103985147764906 0.205077285915613 0.175176604092121 0.150418127467856 0.157875981898978 0.249339878708124 0.127012179465964 0.171813109796494 0.307828180417418 0.477431406676769 0.437971949055791 0.427554781362414 0.387629561051726 0.239212939403951 0.0956848851777613 0.0155443699890748 0.0510965886432677 0.106927722450346 0.185664155753329 0.326803122432902
