data/hab_qual_200.asc
NCOLS 586 
NROWS 434 
XLLCORNER 110250 
YLLCORNER 6895950 
CELLSIZE 200 
NODATA_value -9999 
[rows 374 to 395 of 434, columns 400 to 449 of 586]
0.387583985924721 0.306136034429073 0.272175665944815 0.206199396401644 0.278992936015129 0.166575696319342 0.107468921691179 0.096697598695755 0.0865107122808695 0.0807395949959755 0.0774571653455496 0.0829915683716536 0.0870386324822903 0.131088938564062 0.179557740688324 0.180710190907121 0.199516478925943 0.193062402307987 0.114527862519026 0.132777770981193 0.131544526666403 0.151247220113873 0.144102815538645 0.112343546003103 0.109626401215792 0.117378886789083 0.107472071424127 0.108509093523026 0.14225672185421 0.131645724177361 0.174363417550921 0.214012864977121 0.19540436565876 0.185191988945007 0.173247698694468 0.162857200950384 0.189303599298 0.18321043998003 0.181524235755205 0.178014542907476 0.169228605926037 0.216412682086229 0.250670369714499 0.279915265738964 0.295894332230091 0.293316408991814 0.383749917149544 0.507613345980644 0.542478278279305 0.462961815297604
0.311756119132042 0.273294672369957 0.28736874088645 0.215880781412125 0.195361413061619 0.154303528368473 0.0949224159121513 0.0861819945275784 0.0758554600179195 0.0738839227706194 0.0730313826352358 0.0778628457337618 0.0832748729735613 0.109265960752964 0.112288892269135 0.131913105025887 0.16943671926856 0.119592856615782 0.166119689121842 0.158820755779743 0.181791570037603 0.122038654983044 0.115593817085028 0.115234915167093 0.116315454244614 0.125897714868188 0.102619137614965 0.102560788393021 0.134253544732928 0.140612322837114 0.138416789472103 0.204019326716661 0.198585379868746 0.190756730735302 0.17984464019537 0.186737425625324 0.232426334172487 0.201877143234015 0.186567950993776 0.162262368947268 0.130192505195737 0.140421969816089 0.220629025250673 0.332553189247847 0.385175041854382 0.481199480593204 0.507686488330364 0.534835129976273 0.50305300951004 0.478038787841797
0.232078224420547 0.116461060009897 0.0813233470544219 0.0923124281689525 0.0718928975984454 0.0592168606817722 0.0455371746793389 0.0472251651808619 0.0408786488696933 0.0457589030265808 0.0712490826845169 0.169380133971572 0.190245240926743 0.196887101978064 0.211668714880943 0.12774471566081 0.10621852055192 0.086256492882967 0.0899173468351364 0.15348064340651 0.128120966255665 0.138910351321101 0.133661773055792 0.123633103445172 0.129623981192708 0.119502561166883 0.13521564565599 0.139626953750849 0.156744442880154 0.154037725180387 0.153279788792133 0.19083933904767 0.191206060349941 0.189688418060541 0.183046147227287 0.175919596105814 0.202850565314293 0.193201091140509 0.17959838360548 0.143787808716297 0.093229852616787 0.150180948898196 0.277743499726057 0.392913684248924 0.455306485295296 0.455483168363571 0.391014494001865 0.376670591533184 0.355835817754269 0.226951349526644
0.138007352128625 0.0638950364664197 0.0717343464493752 0.0704398890957236 0.0564703047275543 0.0486988360062242 0.03592549264431 0.0359058734029531 0.0344404652714729 0.0417730398476124 0.0569019010290504 0.152474829927087 0.151561930775642 0.172520834952593 0.136161018162966 0.127598010003567 0.0843838769942522 0.0858987271785736 0.0831471681594849 0.0983518250286579 0.101492773741484 0.108606519177556 0.141382623463869 0.101935297250748 0.120129097253084 0.115126891061664 0.132947577163577 0.135067995637655 0.147215791046619 0.145767223089933 0.147669728845358 0.185695443302393 0.188328716903925 0.193716939538717 0.190235085785389 0.187415726482868 0.217634011059999 0.205634173005819 0.191915586590767 0.197601314634085 0.185316240414977 0.235957676544785 0.308994360268116 0.386258937418461 0.421278864145279 0.426813028752804 0.362457938492298 0.354418069124222 0.253011740744114 0.189257763326168
0.100242687389255 0.0573199540376663 0.0733243329450488 0.058425759896636 0.0557584380730987 0.0495459223166108 0.0340295918285847 0.0341938785277307 0.0336434310302138 0.0407444704324007 0.0599585333839059 0.181133609265089 0.213467843830585 0.161297831684351 0.134954310953617 0.137244086712599 0.0989685002714396 0.0991031937301159 0.0882296208292246 0.0737108383327723 0.0748560801148415 0.106761928647757 0.105702692642808 0.0973818730562925 0.115416225045919 0.119452554732561 0.134498938918114 0.133480533957481 0.142900709062815 0.165586605668068 0.160040430724621 0.203146394342184 0.29262687638402 0.249890096485615 0.191011615097523 0.285952012985945 0.229185204952955 0.21259081736207 0.206337105482817 0.1802510432899 0.33934922516346 0.311110824346542 0.251775518059731 0.358799733221531 0.42547369748354 0.408790498971939 0.318490080535412 0.306658793240786 0.223605554550886 0.213174652308226
0.0846387837082148 0.056210164912045 0.0575314639136195 0.0515622785314918 0.0473102582618594 0.0414375076070428 0.0307377171702683 0.0325455721467733 0.0347089692950249 0.0428775642067194 0.0549729820340872 0.21077374368906 0.226029254496098 0.242529336363077 0.214471857994795 0.15728310868144 0.152055032551289 0.149586364626884 0.102540129795671 0.0737599562853575 0.073818227276206 0.0958717297762632 0.0747908186167479 0.0870930310338736 0.102415347471833 0.111386539414525 0.127567488700151 0.129048813134432 0.153740126639605 0.18510826677084 0.16026645898819 0.204095542430878 0.280687604099512 0.274629384279251 0.341417916119099 0.286601856350899 0.373998492956161 0.32571242377162 0.35760260373354 0.268336839973927 0.360716842114925 0.341288097202778 0.248383950442076 0.305766362696886 0.365215122699738 0.371386833488941 0.295825473964214 0.223924737423658 0.182329569011927 0.182098466902971
0.0940167661756277 0.0513531910255551 0.0492870658636093 0.0545228226110339 0.0461050653830171 0.0370388859882951 0.0306061753071845 0.0311009199358523 0.0351597024127841 0.0449762707576156 0.0562730813398957 0.158160462975502 0.206891946494579 0.185649290680885 0.138420160859823 0.146509010344744 0.146274529397488 0.130732813850045 0.092457290738821 0.0750716961920261 0.0718857999891043 0.0679568890482187 0.0717543195933104 0.0915577430278063 0.0971303842961788 0.105874152854085 0.122307330369949 0.124244449660182 0.135073333978653 0.136822443455458 0.136825699359179 0.173361610621214 0.179957587271929 0.182686422020197 0.223299201577902 0.215215690433979 0.2813107855618 0.277447618544102 0.271384928375483 0.254656251519918 0.346533238887787 0.308202639222145 0.210051871836185 0.290440022945404 0.288901180028915 0.290742985904217 0.213766563683748 0.149177506566048 0.162504382431507 0.165589950978756
0.0368543900549412 0.0283666136674583 0.0259659136645496 0.0256164139136672 0.0288912756368518 0.0264556086622179 0.030642562545836 0.0339118931442499 0.0390702672302723 0.0338407610543072 0.0289320508018136 0.0180158126167953 0.019045009277761 0.0203951233997941 0.0351713234558702 0.036242532543838 0.0604462157934904 0.0640845522284508 0.0523836594074965 0.0483118146657944 0.0466677648946643 0.0549478502944112 0.0609335824847221 0.0711810421198606 0.0780677516013384 0.0846332721412182 0.0986126083880663 0.100745653733611 0.118598563596606 0.120521849021316 0.122315216809511 0.166674304753542 0.177382856607437 0.18779044225812 0.185999341309071 0.183674488216639 0.259381420910358 0.266051739454269 0.248432498425245 0.286008268594742 0.355546422302723 0.31985617056489 0.235030561685562 0.266900803893805 0.243201371282339 0.202095750719309 0.0687215346843004 0.0695050712674856 0.0757627747952938 0.0847280789166689
0.0297291125170887 0.0247266632504761 0.0224302955903113 0.0240651802159846 0.0222673369571567 0.0233455379493535 0.0301784817129374 0.0336536439135671 0.0382906561717391 0.0341558484360576 0.0294557670131326 0.0174522399902344 0.0184079417958856 0.0223120888695121 0.0340303229168057 0.0422743782401085 0.058631437830627 0.0525282835587859 0.0506246397271752 0.0459685232490301 0.0443800278007984 0.05301249679178 0.0589418578892946 0.0660723811015487 0.073833579197526 0.0789389703422785 0.0912090539932251 0.0952514093369246 0.113834843039513 0.115377932786942 0.115397812798619 0.176461521536112 0.171243399381638 0.18289078772068 0.182147372514009 0.180418185889721 0.248730935156345 0.26805954426527 0.263650506734848 0.471059761941433 0.429182849824429 0.406326159834862 0.30474865809083 0.240742221474648 0.182333342730999 0.146675765514374 0.060620347969234 0.0676000285893679 0.0797535348683596 0.0850665345788002
0.0264600920490921 0.018214829498902 0.0140313098672777 0.0140466422308236 0.0175841306336224 0.0220716423355043 0.0271139028482139 0.0365697387605906 0.0399165134876966 0.0348824132233858 0.0290870075114071 0.0168129964731634 0.0180842452682555 0.0193792809732258 0.0319066024385393 0.0329507673159242 0.0533135049045086 0.0510420557111502 0.047930222004652 0.0470817293971777 0.0445122234523296 0.0529782893136144 0.0560813099145889 0.0616573123261333 0.0677117425948381 0.0720776654779911 0.0850184746086597 0.0901429671794176 0.143896255642176 0.195900119841099 0.183829560875893 0.222340140491724 0.291942868381739 0.224578037858009 0.171348810195923 0.172901570796967 0.262330319732428 0.298102498054504 0.363810412585735 0.459912993013859 0.422327809035778 0.382027372717857 0.187281720340252 0.181821539998055 0.151534039527178 0.151680633425713 0.0748114157468081 0.0725930780172348 0.117163699120283 0.0975492037832737
0.0255560898222029 0.0137636985164136 0.0086764229927212 0.00850338896270841 0.0135112721472979 0.0212005930952728 0.0295077660121024 0.0344467675313354 0.0392498774453998 0.0362077634781599 0.0284851230680943 0.0154080216307193 0.0163443388883024 0.0171591839753091 0.0316272089257836 0.0395221118815243 0.0518593275919557 0.0474526295438409 0.0441958978772163 0.0434418581426144 0.0402881149202585 0.0496271438896656 0.0544059565290809 0.0606026956811547 0.0674776844680309 0.0769109297543764 0.0852978713810444 0.0886976905167103 0.10251571983099 0.105130355805159 0.10884109698236 0.155248124152422 0.160286225378513 0.171680763363838 0.167754720896482 0.242417149245739 0.434908710420132 0.451078310608864 0.456577949225903 0.453696094453335 0.308775313198566 0.288740489631891 0.206630777567625 0.165845315903425 0.193748008459806 0.169191185384989 0.0705788359045982 0.0739126428961754 0.084206884726882 0.0905047263950109
0.0212705638259649 0.0133168403990567 0.00826131668873131 0.00806567899417132 0.0129471740219742 0.0210468545556068 0.0284538734704256 0.0333769996650517 0.0376927023753524 0.0396781438030303 0.0371543103829026 0.021753583336249 0.021447699284181 0.0230311620980501 0.0301313758827746 0.033798273652792 0.0486026713624597 0.0461175329983234 0.043504511937499 0.0430886289104819 0.0437999628484249 0.0526011371985078 0.0590183734893799 0.0620969152078032 0.0662629082798958 0.0713997799903154 0.0837841555476189 0.100727431476116 0.110547794029117 0.106065375730395 0.104714525863528 0.14608833566308 0.156727198511362 0.166569992899895 0.179768368601799 0.353375107049942 0.406280510127544 0.365771532058716 0.389385487884283 0.456039384007454 0.388110302388668 0.375137858092785 0.26677817851305 0.191268503665924 0.174029015004635 0.157815933227539 0.084544351324439 0.0840402282774448 0.130079682916403 0.0927360411733389
0.0254290825687349 0.019336799159646 0.0153051114175469 0.015942067373544 0.0216198419220746 0.0310290120542049 0.0259204618632793 0.0281340442597866 0.0317636029794812 0.0360258808359504 0.0415132287889719 0.0415352554991841 0.0453385785222054 0.0518174702301621 0.0512834517285228 0.0509671466425061 0.0717911198735237 0.0677200853824615 0.0648914650082588 0.063919959589839 0.065955575555563 0.0871764849871397 0.0961506776511669 0.100573435425758 0.101449815556407 0.106569275259972 0.114456543698907 0.117488654330373 0.152399349957705 0.149184141308069 0.146214984357357 0.145265579223633 0.158709477633238 0.166705932468176 0.364555008709431 0.344205163419247 0.342829644680023 0.289133984595537 0.359084866940975 0.408594600856304 0.3838230073452 0.22494925558567 0.138631479814649 0.113140091300011 0.0849802270531654 0.0888765025883913 0.133914984762669 0.103868808597326 0.101809702813625 0.0926488060504198
0.0242443978786469 0.0223182854242623 0.022228388581425 0.0242834412492812 0.0275678527541459 0.0299377208575606 0.0370666887611151 0.0267340848222375 0.0293407249264419 0.0329347685910761 0.0359044689685106 0.0403399979695678 0.044389083981514 0.0475693652406335 0.0549916299059987 0.0490909982472658 0.0653315111994743 0.0650648232549429 0.0643552672117949 0.0612496212124825 0.0648250170052052 0.0853269323706627 0.0938980933278799 0.0982603915035725 0.100449481979012 0.105341251939535 0.113907501101494 0.116744473576546 0.137697800993919 0.138848759233952 0.140922676771879 0.138542257249355 0.148250497877598 0.156968828290701 0.256044305860996 0.303728844970465 0.210080776363611 0.225182931870222 0.274648521095514 0.38432989269495 0.330221191048622 0.136139528825879 0.100263517349958 0.11114751175046 0.102632574737072 0.127842439338565 0.0913381557911634 0.0711276344954967 0.116262136027217 0.0962212663143873
0.0226013921201229 0.0225335485301912 0.0232353205792606 0.0244314484298229 0.0248871077783406 0.0278645842336118 0.0232509654015303 0.0254507916979492 0.0268555269576609 0.0310815004631877 0.0336351161822677 0.040659842081368 0.0448508225381374 0.0451178951188922 0.0497661707922816 0.0459668515250087 0.0598230008035898 0.057074504904449 0.0537158045917749 0.0567084979265928 0.0614215778186917 0.0808195322751999 0.0903973095118999 0.0947700459510088 0.0974101126194 0.101577224209905 0.107789950445294 0.11122508533299 0.130543507635593 0.133147742599249 0.134108729660511 0.14301422983408 0.141923438757658 0.257499013096094 0.360703937709332 0.322537951171398 0.350085899233818 0.205222811549902 0.200174070894718 0.342088863253593 0.25208443775773 0.105464903637767 0.112377408891916 0.0893736723810434 0.119551993906498 0.0908541977405548 0.091418793424964 0.0978290196508169 0.0879552885890007 0.0920541789382696
0.0233040344901383 0.022939354646951 0.0234673162922263 0.0261976667679846 0.0255649187602103 0.0346415746025741 0.0220453999936581 0.0242243879474699 0.0254405485466123 0.0285465456545353 0.0330894496291876 0.0388158410787582 0.0425571650266647 0.0440006339922547 0.0451707746833563 0.0510627264156938 0.0570384757593274 0.052482733502984 0.0507501568645239 0.0519269006326795 0.0593618229031563 0.0764116384088993 0.0846799574792385 0.0890487674623728 0.0907487310469151 0.0962860975414515 0.103936431929469 0.105933448299766 0.124862113967538 0.12684721313417 0.128759883344173 0.127311713993549 0.137296196073294 0.168286446481943 0.194651495665312 0.24455938488245 0.265445802360773 0.234751839190722 0.254128020256758 0.190717875957489 0.173059340566397 0.102145878598094 0.0941592585295439 0.0834759771823883 0.0815401878207922 0.0976650509983301 0.0632730526849627 0.0634354874491692 0.0709879472851753 0.0769272670149803
0.0141795119270682 0.0155507500749081 0.0155291690025479 0.0161458514630795 0.0173846832476556 0.0245380089618266 0.0216429918073118 0.0218246793374419 0.025627403985709 0.0209518801420927 0.0184536627493799 0.0233611157163978 0.0233625094406307 0.0243866057135165 0.040134615264833 0.0467234281823039 0.0511268749833107 0.0499752974137664 0.0475217076018453 0.0479686949402094 0.0545666655525565 0.0715970955789089 0.0804049707949162 0.0911054834723473 0.104054009541869 0.111611546948552 0.110317612066865 0.13645407743752 0.1263831499964 0.260606329888105 0.133865512907505 0.222924536094069 0.156948337331414 0.265578091144562 0.278962999582291 0.306095771491528 0.394124463200569 0.233310725539923 0.204034101217985 0.168995276093483 0.152111195027828 0.0987732224166393 0.110760949552059 0.0673126149922609 0.0660288035869598 0.0703202188014984 0.0432058870792389 0.0450798599049449 0.055663320235908 0.0614257324486971
0.0185504294931889 0.0238881912082434 0.0248687993735075 0.0255386983044446 0.0271201431751251 0.0311037449864671 0.0122301690571476 0.0236394521780312 0.0247566029429436 0.0224354420788586 0.0202109403908253 0.0348664531484246 0.036638000048697 0.0404177270829678 0.0932232532650232 0.0629954757168889 0.0371802533045411 0.0363106755539775 0.0330228237435222 0.0336087271571159 0.0382623178884387 0.090212469920516 0.100965294986963 0.198073618113995 0.178242951631546 0.136525325477123 0.178232923150063 0.180875349789858 0.181765291839838 0.189029667526484 0.322161123156548 0.324335165321827 0.299652095884085 0.322404079139233 0.275777459144592 0.305134795606136 0.229772496968508 0.219683412462473 0.143257582560182 0.106470722705126 0.0962479654699564 0.040313315577805 0.0359053676947951 0.0280732214450836 0.0247207744978368 0.0262261219322681 0.0189554439857602 0.0276190578006208 0.0285938610322773 0.0349236903712153
0.017078201752156 0.0229067858308554 0.0236884858459234 0.0242402818985283 0.0247228476218879 0.0390755841508508 0.0156338037049863 0.0221122647635639 0.023098477628082 0.0204138257540762 0.0192203023470938 0.0326126017607749 0.0358022879809141 0.0374233173206449 0.0632093930616975 0.0585855450481176 0.0339433215558529 0.0322781880386174 0.0305455005727708 0.0319261490367353 0.0354553079232574 0.0840530451387167 0.168432971462607 0.140539838001132 0.152466900646687 0.144222965463996 0.168193351477385 0.173179782927036 0.184625335037708 0.33816971257329 0.369101196527481 0.326858766376972 0.150392626877874 0.258716858923435 0.272758170962334 0.269784688949585 0.161231499165297 0.125197317451239 0.0996472369879484 0.0944259595125914 0.0850190818309784 0.0337362885475159 0.0271098953671753 0.0224903631024063 0.0233156271278858 0.0219196318648756 0.0173241561278701 0.0209588124416769 0.0257551753893495 0.0335773518308997
0.0160635474603623 0.0236404403112829 0.0224078120663762 0.0232881428673863 0.0241384240798652 0.0357472179457545 0.0197169901803136 0.0208427105098963 0.0211619427427649 0.0192721185740083 0.0175087989773601 0.0293990834616125 0.0332234716042876 0.0401467951014638 0.0551188504323363 0.051319639198482 0.0304051577113569 0.0289502735249698 0.027364379260689 0.0291954171843827 0.0324599975720048 0.0777089204639196 0.0876090563833714 0.100230878219008 0.108504271134734 0.113543502986431 0.158219300210476 0.165194801986217 0.23428800329566 0.376389034092426 0.368457689881325 0.28318840265274 0.24998464435339 0.194927405565977 0.272374913096428 0.206222079694271 0.108827393501997 0.0985397845506668 0.107806732878089 0.0906196553260088 0.0762688536196947 0.0298100444488227 0.0226323334500194 0.0183416395448148 0.0160122124943882 0.0188583028502762 0.014995725825429 0.0196077991276979 0.025340179912746 0.0341995372436941
0.0104517492000014 0.0155402733944356 0.0205185422673821 0.0165382700506598 0.0150738507509232 0.0301492642611265 0.0170795752201229 0.0183843160048127 0.0178518216125667 0.0171165801584721 0.0189733929000795 0.0436085909605026 0.0323468064889312 0.0290104001760483 0.0445263953879476 0.0424516126513481 0.0256903800182045 0.0241554472595453 0.0234054801985621 0.0247605638578534 0.0305692376568913 0.1120860055089 0.155982019379735 0.115394679829478 0.0856165122240782 0.0938386861234903 0.13505438901484 0.154191825538874 0.231183622032404 0.329614773392677 0.303953871130943 0.1774229593575 0.202201705425978 0.150153080001473 0.165067330002785 0.132727984338999 0.0859237127006054 0.0961482543498278 0.100840510800481 0.0831179115921259 0.0667793937027454 0.0241305935196579 0.0182292507961392 0.0203692975919694 0.0329960165545344 0.0385393090546131 0.013284568907693 0.0174951483495533 0.02259391406551 0.0284845270216465
0.0090543192345649 0.019153936766088 0.0158288200618699 0.00779033987782896 0.0113639095798135 0.0309095638804138 0.017385593848303 0.0149409451987594 0.0153262901585549 0.0144077334553003 0.0138090441469103 0.0272422917187214 0.0264911334961653 0.0251174019649625 0.037534479983151 0.0359053565189242 0.0209304029121995 0.0204100478440523 0.0186639945022762 0.0216774502769113 0.0251864320598543 0.0553071266040206 0.128256745636463 0.180340554565191 0.170100480318069 0.167801819741726 0.180966941639781 0.19098006375134 0.291370674967766 0.27439258992672 0.256254244595766 0.214979827404022 0.235722992569208 0.186491720378399 0.145850390195847 0.141624107956886 0.10035946033895 0.087196059525013 0.0824672318994999 0.0782600585371256 0.0751592563465238 0.0238181254826486 0.0173398326151073 0.0174678454641253 0.023052025353536 0.0163163566030562 0.0131968013010919 0.0223809680901468 0.020792072173208 0.024084450211376
