data/mov_prob_200.asc
NCOLS 586 
NROWS 434 
XLLCORNER 110250 
YLLCORNER 6895950 
CELLSIZE 200 
NODATA_value -9999 
[rows 44 to 65 of 434, columns 150 to 199 of 586]
0.000186558924724523 0.0151034766349767 0.0704960371367633 0.232953786849976 0.0990783274173746 0.00824655267080959 0.0379862794652581 0.103290591388941 0.0190104396403967 0.00128371277132576 0.00440948721211554 0.0487534399367959 0.032610192487482 0.062573596394941 0.0293362465054088 0.033112599331842 0.0882576340809464 0.0339057425953797 0.0169739138509613 4.12760256340104e-15 3.89583874632615e-07 7.63531560943066e-06 3.3814564414739e-18 -9999 -9999 -9999 -9999 -9999 -9999 -9999 -9999 -9999 -9999 -9999 -9999 -9999 -9999 -9999 -9999 -9999 0.000154824522166308 2.45840461776991e-05 0.000925675681820898 8.71082397846965e-06 0.00443272852809295 0.0197815813007765 0.0204631427768618 0.0295305654872209 0.0773303089663386 0.116422884166241
1.62966660777197e-06 0.0016928304303292 0.0250561320062843 0.116915276274085 0.225402783602476 0.0519106686115265 2.4009200675581e-06 0.00507858675609896 0.0133509008444679 0.0102213921647949 0.0971312051871109 0.00102606580185238 0.101510047912598 0.0498589742928743 0.0432468117996905 0.110421365490765 0.0446622151313081 0.0450094155967236 0.0137641507390072 2.15833381982201e-05 1.76628267421791e-14 2.36083728966982e-05 4.19292628480968e-05 5.47540146556003e-08 -9999 -9999 -9999 -9999 -9999 -9999 -9999 -9999 -9999 -9999 -9999 -9999 -9999 -9999 -9999 -9999 0.000614051656157244 0.00105926146545698 0.00080689502354403 0.000543486148653974 0.000247976512241623 0.00688836080371402 0.0361195988953114 0.0461716702006143 0.106545170769095 0.114744931459427
5.6544134380214e-17 0.00304087344419146 0.0106616984121501 0.0384086921258131 0.16896678134799 0.277384739369154 0.134774985373951 0.117480449800496 0.130762554006651 0.0628636507317424 0.13836714066565 0.294680818915367 0.0799690179068419 0.0379113812695664 0.0635989112779498 0.124266933649778 0.100274097174406 0.0790597455925308 0.0129830126534216 5.4127598270447e-06 1.40070402672444e-08 3.28067315269991e-06 9.28561541737594e-05 3.32732472685421e-05 7.15759705327557e-06 -9999 -9999 -9999 -9999 -9999 -9999 -9999 -9999 -9999 -9999 -9999 -9999 -9999 -9999 0.00113698677159846 0.000921256772320097 0.0017792908474803 0.00146034769989001 1.64305633392805e-07 0.00085915932872016 8.00718801165813e-10 0.00847691632787928 0.0446922481060028 0.0795868644490838 0.0973809352144599
1.26821125890763e-08 1.04614048367536e-06 0.00493240264601269 0.0290571344085038 0.147556422278285 0.247232288122177 0.229422904551029 0.266915816813707 0.151715396728832 0.0321753951720893 0.0283514893937569 0.222645086236298 0.30379874445498 0.0807137040974339 0.0747519405558705 0.124853113666177 0.0985609139315784 0.0861661608562372 0.00863737973887997 0.0602796543389559 0.00522356435965321 4.84020502917646e-15 8.09645843945217e-08 2.43675346677938e-05 0.000102441784889606 0.000637379531340798 7.04955746186897e-05 -9999 -9999 -9999 -9999 -9999 -9999 -9999 -9999 -9999 -9999 -9999 -9999 -9999 -9999 0.00109876017086208 0.000769081030739471 0.00063462587680627 0.000305549495010499 0.00191088463179768 0.00080977303528407 0.0146879427593376 0.016733311698772 0.0410291318821123
0.00030399209097709 5.08072899830733e-08 2.09541853450901e-05 0.0200563512735243 0.0641472730785608 0.186265584081411 0.203135944902897 0.130808603949845 0.107273265253752 0.0908419319894165 0.000669784909057114 0.0524310369510204 0.285706900060177 0.00764620519476011 0.0123946700778106 0.0606144214398228 0.112772582098842 0.153063429519534 0.198152687400579 0.0995682396460325 0.033090908529843 0.0290056390222162 4.56840930382896e-05 9.76935627309687e-38 2.58523302027169e-15 4.02202660114696e-06 6.77110482423422e-05 1.23590216389857e-05 -9999 -9999 -9999 -9999 -9999 -9999 -9999 -9999 -9999 -9999 -9999 -9999 -9999 -9999 0.00365358387352899 0.00384254187520128 4.39771853794377e-05 2.49867471602272e-07 0.000633700458854053 0.00527433259412653 0.0595108159096291 0.16183315217495
0.000369346287033635 2.76564048685274e-06 9.9291777390461e-09 0.00206464172416026 0.0838664695620537 0.184882622212172 0.204812794923782 0.169758219271898 0.201048009097576 0.202938552945852 0.0861226181150414 0.0116266987706695 0.225576722994447 0.285204000771046 0.0669578770648643 0.0576140506164787 0.101485283114016 0.075405129003039 0.0289925503544921 0.03918277611956 0.0416804252308793 0.0926664704456925 0.0938981369952534 0.0445570312440395 0.0120931519195438 2.92051026032419e-30 2.12516670927698e-11 2.4174764746478e-05 6.40411528585798e-08 -9999 -9999 -9999 -9999 -9999 -9999 -9999 -9999 -9999 -9999 -9999 -9999 -9999 -9999 0.00027207361889244 0.000487605255329981 1.25321820990262e-20 7.35574073634934e-19 4.0826246643311e-30 1.00914809745497e-12 0.0721288667991757
0.000723637000191957 1.51033989936877e-06 4.27404992234465e-09 6.73382356189606e-16 0.0483285004738718 0.140897110104561 0.151620306074619 0.185482949018478 0.175995003432035 0.195817768573761 0.116499499214115 0.0342339847702533 0.0640842370048631 0.233548903310293 0.278060152930038 0.0244742939489621 0.0773972251918167 0.112796539440751 0.105262634344399 0.229877103120089 0.131526783843583 0.178404677659273 0.142005139961839 0.140440575778484 0.110778637230396 0.043773403740488 0.000471220817416906 3.51546832794278e-21 2.56772363594465e-05 0.00023887514477039 -9999 -9999 -9999 -9999 -9999 -9999 -9999 -9999 -9999 -9999 -9999 -9999 -9999 -9999 0.000859639842108563 0.000322186254530292 3.85215231939087e-16 5.03522119861426e-25 7.47486985290636e-16 0.0271248143080811
0.00186191580723971 0.0007869577702877 3.29199779264354e-06 3.82946591104272e-10 0.0379059365950525 0.111605341546237 0.090829873457551 0.130121184512973 0.150800678879023 0.175424471497536 0.175933472812176 0.0785889494000003 0.0017094246082385 0.106881167273968 0.355553429573774 0.30230363458395 0.236013212241232 0.174532610923052 0.168020842596889 0.229624502360821 0.116285721771419 0.12376653496176 0.189644657075405 0.138485644944012 0.1166662722826 0.0921423099935055 0.0461016744375229 0.00030819284274064 1.01944961821137e-12 5.32752898122164e-07 1.20086791260864e-05 0.000674399023409933 -9999 0.0295959170907736 0.0103575950488448 -9999 -9999 -9999 -9999 -9999 -9999 -9999 -9999 -9999 -9999 0.000398284773516444 7.61122239529224e-07 2.03240657810355e-12 3.82543372386092e-15 3.85287012766108e-42
0.00137805729173124 0.00189853896154091 0.000802299178941323 7.37540838922912e-08 0.00547755787556525 0.0261508475523442 0.0997577365487814 0.100119872018695 0.0945577546954155 0.101128417998552 0.120696470141411 0.0592045593075454 3.87849544125629e-05 0.0523273745089858 0.227696884423494 0.335588276386261 0.359592877328396 0.276158045977354 0.230193700641394 0.299891136586666 0.158673261292279 0.169955300167203 0.147613438777626 0.0847829403355718 0.0986296571791172 0.0898419646546245 0.0828717816621065 0.0465288087725639 0.00227394630633227 4.28402113783477e-09 0.000447931409288585 2.5026212643886e-06 8.1719335867092e-05 0.00538287510644864 0.00578331286021694 -9999 -9999 -9999 -9999 -9999 -9999 -9999 -9999 -9999 -9999 7.36984732545602e-11 1.64198560595169e-08 1.8081373129169e-06 6.49539973280143e-09 6.69733201875112e-17
0.00106237767613493 0.00136927326093428 0.000290041658598028 6.44472080251488e-06 0.000447642696366904 0.00782675066147943 0.00358149732369384 0.0148181005206425 0.0294361230917275 0.0453523993492126 0.0813513211905956 0.10013253800571 0.0164561441939809 0.0402638302811748 0.229762282222509 0.255757033824921 0.266189157962799 0.303359337151051 0.327716149389744 0.27432606369257 0.164499644190073 0.15163298882544 0.105870708590373 0.0685151140205562 0.0923595689237118 0.0379770706640556 0.101214904338121 0.0910577960312366 0.036506741773394 0.000524498987942934 1.82663004721917e-08 9.9298933520231e-09 2.49041202976161e-09 0.00706394763255958 0.00718692624104733 0.00748918578028679 -9999 -9999 -9999 -9999 -9999 -9999 -9999 -9999 -9999 1.81127663978486e-08 1.07417021801004e-05 3.12120036483066e-08 1.17118571496774e-06 5.59163737342875e-05
0.000555396843992639 0.000449263061454985 3.04263881458766e-05 0.000297858591693512 0.00322928971029037 0.00128199228675135 0.00819855282315984 0.0154147779103369 0.0143365962430835 0.035070784855634 0.0478921383619308 0.0495172301307321 0.0338398307212628 0.00584587029121941 0.0588748072612937 0.16577454842627 0.239242631942034 0.283320158720016 0.30556396394968 0.324886634945869 0.218693882226944 0.0488092437153682 0.0582299274392426 0.0846681507537141 0.0688274522544816 0.0705438000150025 0.0797107028774917 0.100473193451762 0.0867037437856197 0.061470340937376 0.0168113864492625 0.00371749972691767 0.00024095179662964 0.00572388339298868 0.00920266871980857 0.0034913644194603 -9999 -9999 -9999 -9999 -9999 -9999 -9999 -9999 -9999 -9999 6.12422943468971e-07 4.65389185127072e-08 0 0.0055321835281954
0.000428039536927827 8.66929310561204e-07 2.61774212953255e-05 0.000185396916579481 0.000158914819948563 0.000133437417389359 0.00033671364235488 0.00568838720209897 0.00608607311733067 0.0182589353062212 0.0325503763742745 0.0459532449021935 0.0419434066861868 0.0329723099712282 0.015564396220725 0.0842883912846446 0.226547237485647 0.2596195936203 0.285024136304855 0.30851998925209 0.310482569038868 0.205180455930531 0.141070596990176 0.0406983361237963 0.021228956809864 0.0424398182840378 0.0654557598754764 0.117403754964471 0.100408338010311 0.0783237339928746 0.0463605769909918 0.00812753916579823 0.00178963425989309 0.00154385726489181 0.00254821814313111 0.00302903290139511 -9999 -9999 -9999 -9999 -9999 -9999 -9999 -9999 -9999 -9999 3.6601548424405e-05 2.30204619849659e-06 9.91205631114643e-17 8.4038997537423e-06
0.000867632899826276 0.000566038696888427 0.00050341481801297 0.000944482664635871 0.000263700527852961 0.000757874095143052 0.000582670265430352 0.0030560478840016 0.00612157781142741 0.0160083882510662 0.0243335023988038 0.0352133754640818 0.0335096623748541 0.0404476253315806 0.0421193251386285 0.0644536651670933 0.169538665562868 0.231900572776794 0.261275231838226 0.292377650737762 0.283922683447599 0.360994383692741 0.275963135063648 0.109394657425582 0.0219395187045848 0.000164681082523673 0.0153746983851306 0.0478569130891628 0.0294602298696418 0.0541199838050169 0.0669739861041307 0.0419676222954877 1.20368203836406e-12 7.36486128971859e-07 0.0004004958218502 7.34448667666735e-05 -9999 -9999 -9999 -9999 -9999 -9999 -9999 -9999 -9999 -9999 0.000573380435525905 1.9679961438257e-07 1.31136539494037e-05 0.00245160725899041
0.00173573757638223 0.00109837706258986 0.000968817243119702 0.000961695768637583 0.000642639664874878 0.000852852746902499 0.00129819411085919 0.00117989981663413 0.00286880938801914 0.00675927102565765 0.013036779826507 0.0195183290634304 0.0257969847880304 0.0290562831796706 0.0310202180407941 0.0426027248613536 0.0795789575204253 0.182314287871122 0.23654118552804 0.276329852640629 0.281381040811539 0.314829982817173 0.290371954441071 0.0233295286871069 0.00720760422473177 7.75559347011567e-05 0.000577776448154006 0.00129252193346474 0.0306389154866338 0.0811874475330114 0.0667109126225114 0.0489368494600058 0.0151845815069719 2.66121434784606e-12 0.000234226399672632 0.00209353709314364 -9999 -9999 -9999 -9999 -9999 -9999 -9999 -9999 -9999 -9999 0.000500214693602175 9.59041555255169e-05 1.70028743013972e-05 0.00189722888171673
0.00177075990359299 0.00170285554486327 0.00120982353109866 0.000919518191949464 0.000726889295037836 0.000759944086894393 0.00114968382695224 0.00165072435629554 0.00208887399639934 0.00446279073366895 0.00873113388661295 0.0123362519079819 0.0198585402686149 0.0215640496462584 0.0218457602895796 0.0284546413458884 0.0582614447921515 0.132689939811826 0.213939938694239 0.21214547753334 0.259747538715601 0.0908689419738948 0.0616224290279206 0.112011050945383 0.00478701871907106 0.0658133098768303 0.0735260814180947 0.0166923334155627 0.0111889600391137 0.0354692076007836 0.0660318844020367 0.0433299760334194 0.0473576106596738 1.11059854958351e-08 8.98844807772038e-08 8.70558170029678e-06 1.46862352279478e-15 -9999 -9999 -9999 -9999 -9999 -9999 -9999 -9999 -9999 -9999 0.000221044550926308 3.29954536937294e-06 0.00122994626943553
0.00296423988766037 0.00180372755858116 0.00140473432838917 0.000635053744190373 0.000695529895892832 0.000703690631780773 0.00125688950356562 0.00183336171903647 0.00256643007742241 0.00281841220567003 0.0057724907528609 0.0119429156184196 0.0145896526519209 0.0127228701021522 0.0200073029845953 0.0272172791883349 0.0418704813346267 0.0925189005210996 0.113771633245051 0.135407300665975 0.110263403505087 0.150382259394974 0.0567632507882081 0.305777035653591 0.207238922223041 0.104628384386871 0.0435978692567005 0.134867246597423 0.00749964119017932 0.012490167748183 0.078618086874485 0.0926447007805109 0.106472855433822 0.0225123655827206 1.14823543943255e-21 3.81104461312446e-09 6.1400834251657e-05 0.0107736974023283 -9999 -9999 -9999 -9999 -9999 -9999 -9999 -9999 -9999 0.00124689277436119 1.55933017806522e-06 1.71684890427075e-20
0.00365012025577016 0.0022045286023058 0.000963604690891628 0.00114281564310659 0.00114287396718282 0.00121661784942262 0.0010566156997811 0.00142522019450553 0.00233447435311973 0.0026737495791167 0.00365433987462893 0.00634151848498732 0.0121394363231957 0.0149833725299686 0.0187415489926934 0.0261938665062189 0.0269633677380625 0.0375814297003672 0.178689885884523 0.172125089913607 0.0991222913591535 0.0774797283811495 0.0554557878058404 0.220625126734376 0.402560573071241 0.0658987320696269 0.064320529345423 0.11763456556946 0.0837285416200757 0.00138271540527057 0.0507253838004544 0.0883846143260598 0.10529962182045 0.0644978473428637 0.023875625338406 2.16852155387104e-05 0.00286400387994945 0.0158956977538764 0.0102418596216012 0.00806155893951654 0.0127507476136088 -9999 -9999 -9999 -9999 -9999 -9999 0.000456989238500682 9.13100734413197e-05 9.59052698368268e-11
0.00535133806988597 0.00556171056814492 0.00288373409421183 0.002109773340635 0.00228663758025505 0.00147315463982522 0.00106348487315699 0.00101659157371614 0.00139433261938393 0.00184892982360907 0.00193622123333625 0.00477828417206183 0.00929344806354493 0.0171921902801841 0.0179402343928814 0.0210225973278284 0.00572134699405069 0.0750404414720833 0.120303105562925 0.139095813035965 0.151236558333039 0.0685650063096546 0.0404844004660845 0.0392365980660543 0.338599219918251 0.0126548222469864 0.114869842305779 0.190343286842108 0.0255325122270733 0.0188384061184479 0.043233310803771 0.0656017165165395 0.0766121302731335 0.043642548378557 0.0227865242050029 0.0257352816406637 0.000461176051991197 0.00983582037588349 0.0168176330626011 2.03432525804149e-05 0.0102992686443031 -9999 -9999 -9999 -9999 -9999 -9999 3.52837207628912e-05 4.86181834537507e-15 0.0190099970204788
0.00334425719483988 0.00556487787980586 0.00714115472510457 0.00350150781741831 0.00321591779356822 0.00250722782220691 0.00248994864523411 0.0013942999066785 0.000668453751131892 0.000636606564512476 0.00118892733007669 0.00486987875774503 0.00674349290784448 0.0187086670193821 0.0203831573016942 0.0271933018229902 0.0194128188304603 0.0201712871203199 0.0682726646773517 0.123492207378149 0.151349011808634 0.169815696775913 0.0886938683688641 0.0120385558826374 0.252878277504351 0.0398582347006595 0.0813733949325979 0.0854792890604585 0.125300207175314 0.125873683951795 0.031621712385208 0.0291687051747973 0.0403940196847543 0.0609560674056411 0.0459368415176868 0.0336926863528788 0.0190800916170701 0.00711591308918003 0.00839988933512359 0.00253215990960598 0.00404526045895182 -9999 -9999 -9999 -9999 -9999 -9999 4.55291203363408e-07 1.18112755708678e-17 0.0127647353219872
6.89332295706988e-08 0.000216703034572274 0.00662542600184679 0.00874681433197111 0.00427884037344484 0.00348352291621268 0.00232699504704215 0.00119252238073386 0.000511527498019859 0.000578899707761593 0.000705108424881473 0.00540785049088299 0.00706758885644376 0.016307145357132 0.0279541187919676 0.0326336035504937 0.0351581606082618 0.0430367896333337 0.0641095051541924 0.104224877431989 0.157144609838724 0.172945585101843 0.0952290864661336 0.014855392724756 0.166797002775638 0.0672349383821711 0.0686649540439248 0.098447612952441 0.0121709145937377 0.0542611578057404 0.0375223359360868 0.0151763538742671 0.0153769095195457 0.0337940182071179 0.0303407837636769 0.0094794686694879 0.00910730006580707 0.00338056100464001 0.00220736413211853 0.00106182702438673 0.00131310852884781 -9999 -9999 -9999 -9999 -9999 -9999 6.7686260486241e-05 3.7525907381486e-10 0.0162579433235805
1.47232535496756e-07 0.000188138656539287 0.000433440344973945 0.00740277859916816 0.00834955566097051 0.00649638462346047 0.0038418016047217 0.00165752624161541 0.000938536119065247 0.000587401955272071 0.0010736083786469 0.00668056303402409 0.00795068696606904 0.0120121913496405 0.0274648927152157 0.0379358697682619 0.0433529047295451 0.0481178425252438 0.0634174672886729 0.112566782161593 0.161545947194099 0.058692199876532 0.0114249105859017 0.0951827829703689 0.043493536679307 0.01032206451805 0.0435438286515324 0.0500055304146372 0.0229012813651934 0.0030214899648998 0.0137148142958239 5.75109885933284e-07 0.000186294258485256 0.0054481809357078 0.0270856339484453 0.00714358148413199 0.00245381473996531 0.00156684352259617 0.000287602407873115 3.66389681686383e-05 -9999 -9999 -9999 -9999 -9999 -9999 -9999 1.94151277810306e-06 3.19620554297101e-25 0.0279610953293741
8.12221742646299e-19 1.24843092325903e-28 2.21390128402408e-08 2.37579068263553e-05 0.00869728065663367 0.00747240148484707 0.00531252659857273 0.00233397076954134 0.00160033864085563 0.00127360141777899 0.0015776887886108 0.00603731320006773 0.00527374605007935 0.00229166739916309 0.0344042559154332 0.052037013694644 0.0611166721209884 0.0828489828854799 0.0530775226652622 0.0759129915386438 0.0588295979167803 1.29422823074155e-05 5.23832352369129e-05 0.132020721212029 0.06315018942405 0.10994490981102 0.154907844963281 0.0400609231729082 0.154212499968708 0.207736499607563 0.0952282007783651 8.23847801446214e-23 7.97257862963363e-05 0.000367737258618384 0.0160394373815507 0.00387389489333145 6.43817466925868e-05 0.000270017982643367 3.59787140951084e-05 4.77138646601816e-05 0.000177339868969284 -9999 -9999 -9999 -9999 -9999 -9999 3.10716291096469e-06 0.00505349126615329 0.0195030434988439
