data/mov_prob_200.asc
NCOLS 586 
NROWS 434 
XLLCORNER 110250 
YLLCORNER 6895950 
CELLSIZE 200 
NODATA_value -9999 
[rows 330 to 351 of 434, columns 250 to 299 of 586]
0.0458881761878729 0.0531660597771406 0.0499470890499651 0.114079466089606 0.198606044054031 0.229988154023886 0.217334099113941 0.232616845518351 0.284711800515652 0.339287824928761 0.362636134028435 0.36232378333807 0.378139413893223 0.383259125053883 0.404073514044285 0.411067329347134 0.428619526326656 0.411046519875526 0.444681599736214 0.463208377361298 0.477465234696865 0.489528372883797 0.51572197675705 0.562679082155228 0.554346561431885 0.508928641676903 0.434486895799637 0.346892818808556 0.330397352576256 0.362392783164978 0.456844434142113 0.483036324381828 0.543461047112942 0.543220587074757 0.346691224724054 0.664735734462738 0.674123108386993 0.524732291698456 0.524400092661381 0.624520428478718 0.711461946368217 0.70720200240612 0.690758973360062 0.67050489783287 0.630595728754997 0.639685064554214 0.578494548797607 0.636066913604736 0.542140938341618 0.571505218744278
0.0341099696233869 0.0333646866492927 0.0507002146914601 0.0671402346342802 0.105254109948874 0.169999845325947 0.191266786307096 0.222558505833149 0.267610348761082 0.305114530026913 0.316192008554935 0.336326994001865 0.333802923560143 0.359362401068211 0.374053388834 0.363902792334557 0.376910634338856 0.41141203045845 0.454573579132557 0.484692558646202 0.424974523484707 0.489836946129799 0.518915235996246 0.557762742042542 0.549413025379181 0.500374689698219 0.465702168643475 0.437711596488953 0.446540914475918 0.479894518852234 0.529997274279594 0.515743650496006 0.613942384719849 0.545719847083092 0.575462490320206 0.722289964556694 0.591001912951469 0.550340697169304 0.479408293962479 0.585193753242493 0.537176005542278 0.624486424028873 0.653152734041214 0.616251021623611 0.614301770925522 0.637214794754982 0.639673352241516 0.633310094475746 0.644213125109673 0.650105252861977
0.0242396602407098 0.0312811066396534 0.0298209893517196 0.0441226605325937 0.0523555940017104 0.0757887712679803 0.112869562581182 0.168600393459201 0.219149097800255 0.255118574947119 0.269042793661356 0.270334865897894 0.313225492835045 0.327837198972702 0.352127067744732 0.365094669163227 0.372431084513664 0.409346245229244 0.460464917123318 0.442290924489498 0.495342500507832 0.495238974690437 0.502939887344837 0.563261061906815 0.480664640665054 0.500493884086609 0.477932386100292 0.465239994227886 0.446943618357182 0.50307672470808 0.539874672889709 0.508690647780895 0.499043452553451 0.40630766749382 0.637619286775589 0.52021598815918 0.498893640935421 0.541902706027031 0.484819352626801 0.461346998810768 0.440192602574825 0.536929115653038 0.580723360180855 0.637654602527618 0.640103161334991 0.6407171189785 0.639727503061295 0.57528930157423 0.623478472232819 0.641608893871307
0.015067134052515 0.019743031822145 0.0233841757290065 0.0247399494983256 0.0321168210357428 0.0251516783609986 0.0419089649803936 0.10625531245023 0.16790808737278 0.214561935514212 0.253138083964586 0.265119630843401 0.27093581110239 0.286918975412846 0.304769098758698 0.318591982126236 0.346685394644737 0.379181228578091 0.426275067031384 0.46545547246933 0.500220276415348 0.522296771407127 0.552158534526825 0.548898965120316 0.531628996133804 0.462700098752975 0.404797308146954 0.473191857337952 0.507251873612404 0.491096429526806 0.501700066030025 0.479654513299465 0.226624046918005 0.593085929751396 0.524975560605526 0.542539834976196 0.50729363411665 0.545367501676083 0.469793483614922 0.442902877926826 0.425577990710735 0.464220009744167 0.505523599684238 0.622005432844162 0.628074496984482 0.627202987670898 0.637850105762482 0.609430089592934 0.633805185556412 0.641881361603737
0.00735209707636386 0.0090794472489506 0.0115318099269643 0.0130910316947848 0.0157423624768853 0.0270223151892424 0.0286496505141258 0.0641241306439042 0.0865569282323122 0.167441189289093 0.20345364138484 0.221771851181984 0.228332903236151 0.242207061499357 0.252684280276299 0.274128764867783 0.307906616479158 0.371471166610718 0.359521068632603 0.415852762758732 0.47540944814682 0.502769328653812 0.523913562297821 0.47629801928997 0.506835967302322 0.476794183254242 0.301505949348211 0.366956628859043 0.478582993149757 0.479923009872437 0.538948461413383 0.32517634585156 0.526033632457256 0.684869959950447 0.577222898602486 0.625914856791496 0.51541231572628 0.502189360558987 0.438437953591347 0.549078188836575 0.525784261524677 0.475383758544922 0.570460848510265 0.561537191271782 0.647418588399887 0.581143721938133 0.609525769948959 0.608717247843742 0.633876442909241 0.629940748214722
0.00316527407267131 0.00437081832205877 0.00407051376532763 0.00471685655065812 0.00696943351067603 0.0134460136760026 0.0217479653656483 0.021632363088429 0.0228737642755732 0.104224198497832 0.16634513810277 0.172984108328819 0.175658967345953 0.191611208021641 0.211849987506866 0.26136564463377 0.293876677751541 0.343227677047253 0.371153272688389 0.39690362662077 0.42588771879673 0.48547738045454 0.486183561384678 0.468544147908688 0.455269239842892 0.427574515342712 0.257661886513233 0.304918050765991 0.37168887257576 0.464124403893948 0.348078183829784 0.288769805571064 0.502483829855919 0.489383645355701 0.611783608794212 0.562855005264282 0.449290007352829 0.472586318850517 0.626201555132866 0.537834398448467 0.535403147339821 0.422252014279366 0.465487480163574 0.577968113124371 0.554370328783989 0.651942178606987 0.501328058540821 0.576503455638885 0.612980782985687 0.407156748697162
0.00117236617370509 0.00161814535385929 0.00215796453994699 0.00146568013587967 0.00383900612359866 0.00764937064377591 0.00785626890137792 0.0186610538512468 0.00821438722778112 0.0479379333555698 0.0957665722817183 0.114979637786746 0.123316839337349 0.137364177033305 0.165896397083998 0.22052550688386 0.259634383022785 0.295338287949562 0.332696117460728 0.372874274849892 0.254228706238791 0.441107608377934 0.376930169761181 0.410442434251308 0.381491586565971 0.356686167418957 0.353731125593185 0.332293778657913 0.307424049824476 0.431303560733795 0.44941346347332 0.541967861354351 0.493490949273109 0.598209947347641 0.595113649964333 0.685376942157745 0.386198423802853 0.362029008567333 0.381688378751278 0.362721256911755 0.500908389687538 0.401280172169209 0.482904866337776 0.61010055243969 0.533121973276138 0.588311105966568 0.439792282879353 0.532997637987137 0.557620197534561 0.563515976071358
0.000455046545539517 0.000967321437201463 0.000991912587778643 0.00119414018990938 0.00162973508122377 0.0023580934794154 0.00396681349957362 0.0077660670503974 0.0112354387529194 0.017960995901376 0.042522210162133 0.0571038597263396 0.0743536204099655 0.104209950193763 0.124015856534243 0.186118114739656 0.196760144084692 0.230207052081823 0.242349311709404 0.345920518040657 0.308067541569471 0.343958951532841 0.3741340264678 0.353773556649685 0.309922344982624 0.277356266975403 0.322562739253044 0.379046879708767 0.380518861114979 0.488126248121262 0.484498664736748 0.53342717140913 0.462845325469971 0.573202133178711 0.590993851423264 0.466790623962879 0.410670340061188 0.241054933518171 0.115665148943663 0.306759413331747 0.568171441555023 0.448773965239525 0.423195406794548 0.611870020627975 0.521070189774036 0.438820570707321 0.519169040024281 0.444165773689747 0.453185118734837 0.522453315556049
0.000321039762638975 0.000465942102891859 0.000628599947958719 0.000558093546715099 0.000538797838089522 0.000479405458463589 0.000610637827776372 0.00146056305675302 0.0055042952299118 0.015122459968552 0.0247428002767265 0.0156768662855029 0.0290129042696208 0.0523036699742079 0.0761319333687425 0.131017707288265 0.162753652781248 0.163262695074081 0.195317458361387 0.203305013477802 0.276831723749638 0.294642522931099 0.32568497210741 0.313864171504974 0.27227409183979 0.265250094234943 0.318899057805538 0.391346208751202 0.391374617815018 0.455183766782284 0.497048862278461 0.46244839578867 0.559700444340706 0.608519613742828 0.60249999165535 0.476629979908466 0.420916296541691 0.359813928604126 0.292425010353327 0.517880573868752 0.627418622374535 0.59639223664999 0.434444785118103 0.630303964018822 0.425573162734509 0.484640933573246 0.457382030785084 0.456651382148266 0.403770580887794 0.449806660413742
0.000154399185703369 0.000151638963870937 0.000186607850992004 0.000214286970731337 0.000248456417466514 0.000232386621064506 0.000157772250531707 0.000349190646375064 0.0013076740433462 0.00572739430936053 0.00927875959314406 0.0111729421187192 0.0201886384747922 0.0361088290810585 0.0409583812579513 0.0550425797700882 0.0987148825079203 0.0620729681104422 0.135154872201383 0.163650784641504 0.216503143310547 0.245518870651722 0.260215267539024 0.272027969360352 0.272732801735401 0.262062806636095 0.31499969214201 0.373469337821007 0.395628347992897 0.471481062471867 0.466162383556366 0.515825018286705 0.53436852991581 0.578955255448818 0.574189871549606 0.45175239443779 0.410426579415798 0.416912861168385 0.423557415604591 0.598954245448112 0.623979657888412 0.646324038505554 0.55237689614296 0.49838101118803 0.415969401597977 0.428275339305401 0.429696805775166 0.432790033519268 0.459981732070446 0.301072450354695
4.08913215323992e-05 6.87863766870578e-05 8.32885834824992e-05 0.000111777955680736 0.00020181157742627 0.000122078674394288 8.31762854431872e-05 0.0001150355747086 0.000610867253271863 0.00222005226532929 0.00475153943989426 0.00812188233248889 0.0202420349232852 0.0230623157694936 0.0323612364009023 0.0319596873596311 0.0450217035431706 0.0760211898013949 0.0669636023230851 0.103562403470278 0.156603571027517 0.184509057551622 0.207027453929186 0.214155197143555 0.232194717973471 0.210787571966648 0.290699355304241 0.34281238168478 0.396705128252506 0.462134279310703 0.496864072978497 0.357222392223775 0.554141715168953 0.533600002527237 0.535050638020039 0.493816904723644 0.469139322638512 0.542436666786671 0.575236454606056 0.594027236104012 0.49177573621273 0.635058403015137 0.442449152469635 0.627623274922371 0.457972079515457 0.436671152710915 0.416418209671974 0.43830431252718 0.415730856359005 0.354623764753342
1.09452703327406e-05 7.55399548779678e-06 3.76739508283208e-05 0.000105840708783944 0.000169673588970909 0.000142627646710025 9.59551252890378e-05 0.000138514280479285 0.000610874121775851 0.00236383151786868 0.00538207130739465 0.00814520148560405 0.0137565147597343 0.0182899185456336 0.0223196116276085 0.02600481454283 0.028378170914948 0.045051084831357 0.0459999023005366 0.0843441542237997 0.0820535589009523 0.138312896713614 0.152614489197731 0.183669455349445 0.151414558291435 0.20066399872303 0.241319689899683 0.293949071317911 0.290607139468193 0.421036347746849 0.476420775055885 0.481129348278046 0.501235209405422 0.521675273776054 0.448636718094349 0.44832219928503 0.428471736609936 0.537769123911858 0.652581870555878 0.438016004860401 0.505461648106575 0.543123476207256 0.519741550087929 0.667901620268822 0.48085218667984 0.487676694989204 0.406381398439407 0.471665941178799 0.480632640421391 0.523474432528019
-9999 -9999 2.25433498144412e-05 5.83070177526679e-05 9.56243748078123e-05 0.000144496707434882 0.000182156287337421 0.00018244231614517 0.000396352974348702 0.00169136137992609 0.00361373095074669 0.00614071451127529 0.00881596677936614 0.0122769451700151 0.0166269550099969 0.0194791820831597 0.0229627569206059 0.0314283343032002 0.0345608028583229 0.0431220391765237 0.0487223472446203 0.0711524877697229 0.112136701121926 0.13781813532114 0.12405982427299 0.189018659293652 0.21963894367218 0.257168717682362 0.263908732682467 0.355698958039284 0.341644451022148 0.504973888397217 0.501085467636585 0.51399939507246 0.562576964497566 0.593330800533295 0.410657048225403 0.509000934660435 0.542659185826778 0.424953266978264 0.443368911743164 0.476428627967834 0.659046620130539 0.680761128664017 0.538870632648468 0.484068833291531 0.388604283332825 0.418960213661194 0.492486119270325 0.463219441473484
-9999 -9999 -9999 2.85004616671358e-05 6.12444209764362e-05 0.000103700500403647 0.00017008968279697 0.000183345066034235 0.000357445394911338 0.00089342579303775 0.00204887328436598 0.0032438570051454 0.00559823401272297 0.00762668310198933 0.0088720143539831 0.0109783108346164 0.0132311482448131 0.0125673055881634 0.020841074641794 0.0298529164865613 0.0318813384510577 0.037430108524859 0.0783592853695154 0.0944672860205173 0.10130195133388 0.141123067587614 0.138637062162161 0.211150504648685 0.236727382987738 0.239418227225542 0.223335972987115 0.465772226452827 0.49026283621788 0.518372759222984 0.488233737647533 0.452139981091022 0.358715012669563 0.518512099981308 0.4495550096035 0.456663578748703 0.50305712968111 0.50305138528347 0.491699434816837 0.630265258252621 0.569969370961189 0.311641953885555 0.516650751233101 0.446728862822056 0.616983577609062 0.418146997690201
-9999 -9999 -9999 -9999 3.05410399050743e-05 6.34284979241784e-05 0.00010814560118888 0.000135080499603646 0.000244708080572309 0.000566064401937183 0.000945866529946215 0.00157826460781507 0.00252640730468556 0.0026458426436875 0.00195002024702262 0.00147901181480847 0.00217411600169726 0.00500401726458222 0.0102188746677712 0.0213092360645533 0.0240733157843351 0.0291447644121945 0.0305013963952661 0.0482760015875101 0.0515573096927255 0.110943360254169 0.103002323769033 0.152512529864907 0.214409351348877 0.143151836469769 0.114225415862165 0.431368336081505 0.420105293393135 0.446881532669067 0.48156663030386 0.486526153981686 0.477015353739262 0.6057438403368 0.443079613149166 0.445361524820328 0.558449313044548 0.584738492965698 0.510960251092911 0.617015525698662 0.601939164102077 0.392410773783922 0.520037062466145 0.500634521245956 0.487842194736004 0.412916891276836
-9999 -9999 -9999 -9999 -9999 0.000104473363535362 0.000211912967643002 0.000149103505464154 0.00012477637756092 0.00028011510221404 0.000492477134685032 0.000833046404295601 0.000858344974403735 0.000748671998735517 0.000174816519574961 7.77728523644328e-05 9.13720227799786e-05 0.00072050805829349 0.00470232471707277 0.0115361462812871 0.0152765573002398 0.0201337621547282 0.0220237821340561 0.017453414388001 0.0401256196200848 0.090441289357841 0.101935934275389 0.113133821636438 0.131213785381988 0.179597828537226 0.0781101896582186 0.19809372862801 0.329450510442257 0.346080474555492 0.423632405698299 0.349319215863943 0.425858873873949 0.545996710658073 0.460799932479858 0.332521490752697 0.532128594815731 0.568735659122467 0.571172781288624 0.646247163414955 0.641518533229828 0.445886209607124 0.478206895291805 0.498121857643127 0.428224354982376 0.406551085412502
-9999 -9999 -9999 -9999 -9999 -9999 0.000186230656254338 0.000101253437605919 6.59186525808764e-05 0.000149715500810998 0.000208609366382007 0.000258910971751902 0.00019907858222723 0.000105990995507454 4.07480415560713e-05 6.02144996264542e-06 6.38276230802148e-06 0.00013525372287404 0.00197525802650489 0.00539856066461653 0.0089398407144472 0.01211400446482 0.0112725824583322 0.0135931167751551 0.0194088853895664 0.0257529461523518 0.0791200567036867 0.0950951045379043 0.11469541490078 0.164155786857009 0.092376003973186 0.0905968475271948 0.210294891148806 0.242529399693012 0.255366273224354 0.372969299554825 0.397224918007851 0.43679267168045 0.535649120807648 0.500387161970139 0.569560900330544 0.567174836993217 0.546545967459679 0.634594157338142 0.548376470804214 0.41751316934824 0.43010625988245 0.393125489354134 0.413932152092457 0.420689724385738
-9999 -9999 -9999 -9999 -9999 -9999 -9999 3.91716953345167e-05 1.67024247730296e-05 4.08578293900064e-05 5.99807021899323e-05 4.65000216536282e-05 3.51686421709019e-05 7.30584779375931e-05 6.00386497353611e-05 1.35066518396343e-05 1.06517662743499e-05 8.65907404659083e-05 0.000785451113188174 0.00189410010352731 0.00308561773272231 0.00446442875545472 0.0082760863006115 0.0130883220117539 0.0182734506670386 0.0176830964628607 0.0285872877575457 0.035217038821429 0.0560804419219494 0.0679727899841964 0.0539455723192077 0.156316943466663 0.195068322122097 0.237512074410915 0.198966629803181 0.271198596805334 0.165202017873526 0.396216295659542 0.414462216198444 0.472478963434696 0.475132383406162 0.49980702996254 0.440391898155212 0.422790996730328 0.33172444999218 0.325520999729633 0.341692566871643 0.351243998855352 0.340926185250282 0.412851579487324
-9999 -9999 -9999 -9999 -9999 -9999 -9999 -9999 1.83632913225059e-05 2.28553035412915e-05 1.19808535146149e-05 5.73299143979966e-06 6.0749135855076e-06 2.41626921706484e-05 7.27873766663834e-05 6.99834781698883e-05 3.64946386071097e-05 9.12336035980843e-05 0.00015364036153187 0.000295871077469201 0.000538386371772503 0.0019001308537554 0.00463651272002608 0.0065901008201763 0.00993724004365504 0.0167935646604747 0.0201466777361929 0.0332549838349223 0.0509630804881454 0.0483979000709951 0.0328057166188955 0.070212543476373 0.124122209846973 0.187621157616377 0.153084207326174 0.153747487813234 0.263565048575401 0.150150363333523 0.295451704412699 0.443758741021156 0.43409925699234 0.521064266562462 0.515167467296124 0.458735436201096 0.393837064504623 0.415548600256443 0.320288620889187 0.406108759343624 0.403906151652336 0.350217901170254
-9999 -9999 -9999 -9999 -9999 -9999 -9999 -9999 -9999 1.93666000996018e-05 4.90804785613363e-06 1.2448693667011e-06 1.46819662916187e-06 5.91122005744182e-06 2.50158418566571e-05 3.28559181070887e-05 1.67729493796287e-05 1.76350604306208e-05 1.15019133772876e-05 1.63845005545227e-05 7.26005860087753e-05 0.000453055981779471 0.00130999163957313 0.0030357189825736 0.00536748231388628 0.00545533874537796 0.0133820429909974 0.019248066470027 0.0312970657832921 0.0422459840774536 0.0470751412212849 0.0510741034522653 0.0520743218949065 0.0798165639862418 0.141628382727504 0.101771681569517 0.121198385022581 0.185374289751053 0.219806104898453 0.290810260921717 0.393651254475117 0.48144868016243 0.509964153170586 0.496781826019287 0.416263535618782 0.388957388699055 0.368577487766743 0.520600818097591 0.544841282069683 0.403393857181072
-9999 -9999 -9999 -9999 -9999 -9999 -9999 -9999 -9999 -9999 1.14013350867026e-05 4.35306375834443e-06 1.2400960542891e-06 2.03128189468771e-06 5.27051832932557e-06 3.53533548036467e-06 1.00565375760198e-06 4.39400439589122e-07 8.89086869904077e-07 2.47714109491426e-06 1.38897455599363e-05 0.000136432881845394 0.000471728897537105 0.00118218756688293 0.00188520201481879 0.00410009722691029 0.00611779082100838 0.0107071724487469 0.0158558085095137 0.0256000161170959 0.0377046894282103 0.0399774834513664 0.0390537995845079 0.0381527821300551 0.0468005675356835 0.0666555929929018 0.0777494935318828 0.049382271245122 0.112566528841853 0.198938054963946 0.360570400953293 0.381377376616001 0.485320277512074 0.484258882701397 0.447035253047943 0.424414575099945 0.443267159163952 0.470520466566086 0.567139610648155 0.438766926527023
-9999 -9999 -9999 -9999 -9999 -9999 -9999 -9999 -9999 -9999 -9999 2.48144597208011e-05 7.04215625546567e-06 2.62356536495645e-06 1.75740052554829e-06 6.42415038498712e-07 1.32178231027069e-07 3.3642332475381e-08 3.38771119601233e-07 2.03889365479881e-06 1.09456600512203e-05 3.61670849997608e-05 0.000173178719705902 0.000384188821044518 0.000778675326728262 0.00163960302597843 0.00286144475103356 0.00393348536454141 0.0077700917609036 0.0141013562679291 0.0233532888814807 0.0329533745534718 0.0434522563591599 0.0388388652354479 0.0401334632188082 0.0354579882696271 0.0380746657028794 0.029478135635145 0.0765590338851325 0.116854491643608 0.214373307302594 0.389198586344719 0.436548367142677 0.484793968498707 0.460953116416931 0.468612462282181 0.49107313901186 0.514833226799965 0.55308173596859 0.536064691841602
