data/mov_prob_1000.asc
NCOLS 117 
NROWS 87 
XLLCORNER 110650 
YLLCORNER 6895750 
CELLSIZE 1000 
NODATA_value -9999 
[rows 22 to 43 of 87, columns 0 to 48 of 117]
-9999 -9999 6.1352852753771e-08 0.0306563050332058 0.0162375181467951 0.00774032966490581 0.00178279994957391 0.000368617738851119 0.0010696597391647 0.0116546585347453 0.0143897005346929 0.0119833117494737 0.00299634873511975 0.000418075827326474 0.000149050668741013 0.000301609385897303 0.00024135004398061 0.000176849193299707 0.000295123727546525 0.000194498697042604 0.000348483730405178 0.00148411547364958 0.00402084896634755 0.0161373287547448 0.0324713983636368 0.0451680502734963 0.09347126298666 0.078271517198867 0.0503835152381245 0.0444659753230731 0.0832743637242949 0.0443350657261102 0.0519236438034666 0.0878024716838729 0.0439594482563023 0.0230690177258851 0.128842468934493 0.141206521640349 0.00627050484808541 0.00703091437278779 0.0148493465612506 0.230512535893027 0.406597219331905 0.425296917375379 0.494117231771516 0.0664721248614271 0.0467856783562373 0.153873137092785 0.463692732468561
-9999 -9999 -9999 -9999 0.00916075658315743 0.00559315556269416 0.0057683591860297 0.00406328678328285 0.000614442386231021 0.000741085124766601 0.00216389052921357 0.000485190470288848 0.000602825030105243 4.72501506010303e-06 6.97044799835567e-06 -9999 -9999 6.74993489155895e-05 2.16798010410457e-05 1.34513227491984e-06 7.39404964605228e-06 4.48606197164736e-05 0.000388876810720831 0.000530731233344849 0.00178047952253525 0.00348080837441092 0.00377761749623249 0.0041556702082957 0.0119610663952937 0.0144010079692988 0.00923729609373454 0.0695192487725029 0.0356478475387658 0.0742484291054195 0.232714123839397 0.288100462617065 0.116119000436502 0.0406943507130086 0.00666450929362327 0.00280756995457774 0.0518575050604595 0.396748932854286 0.284092516834142 0.382189455765038 0.674281420111656 0.475735464784142 0.0883140924771812 0.295705146858011 0.40855458908675
-9999 -9999 -9999 -9999 -9999 -9999 0.00712276601695723 0.00601530642643411 0.00141414695844468 3.84633040084736e-07 -9999 -9999 -9999 5.90047163542942e-06 9.76904464079469e-07 0.000100702806358586 3.26658122221163e-05 8.64999047929537e-05 7.50186026809694e-05 0.000164428021197198 7.81152972095356e-05 2.03819716898579e-05 0.00019323837454067 0.00198982063269707 0.00649358945605854 0.00467228306681375 0.00371995011972808 0.012900657521479 0.0141176654426859 0.00476199925669079 0.0288624173350779 0.0934833832938079 0.063652998156342 0.185539783255265 0.245247242728893 0.181995360254841 0.102713594361418 0.00411374092167089 0.00986898682778755 0.0135228035278459 0.312420004834913 0.257113558658227 0.168051601819963 0.530879395579068 0.60466555298306 0.365321738512266 0.058317704236144 0.408702621918637 0.548067791206126
-9999 -9999 -9999 -9999 -9999 -9999 -9999 -9999 -9999 -9999 -9999 -9999 -9999 1.01579248931475e-06 1.96268505964605e-06 0.00192345139093265 0.0108765962044868 0.0207773593986631 0.00953319218751718 0.00382464739253314 0.0011150107352114 5.33998336821732e-05 0.000229257783361874 0.0067129325485004 0.0332969039402856 0.0900509704666722 0.0786594978836673 0.0465787918996117 0.079177031277493 0.0152021827964496 0.0146748379142032 0.101142309337646 0.21095202590334 0.267174768927714 0.136383677784873 0.0301320898679762 0.0256435984472295 0.00904978456462797 0.007226651487872 0.0610076608708075 0.344119705265695 0.0594240388546609 0.375793446557545 0.0685338553993707 0.298456088325176 0.338833424845577 0.502391050769755 0.375934805359754 0.289540098923966
-9999 -9999 -9999 -9999 -9999 -9999 -9999 -9999 -9999 -9999 -9999 -9999 -9999 -9999 2.12623126571998e-05 1.17229857485484e-05 0.00403423116819888 0.0368573418000416 0.0376610148000795 0.0135454480901362 0.00165396158038342 0.000679284543601711 0.00133089620048622 0.00289615593982388 0.075630293448832 0.193397778831422 0.154139927678897 0.0649150340304667 0.120359980893886 0.00434526161169369 0.0604975031757912 0.0307003839279467 0.165110277481847 0.216288584295474 0.149168441000242 0.0397613381746737 0.0146246972150282 0.046069970546591 0.00585646793711931 0.0109835615092333 0.00375634331613526 0.0723914139758281 0.30164733104011 0.183434070904691 0.245975868103466 0.233320741031843 0.284189180603017 0.465658545970267 0.540796290347935
-9999 -9999 -9999 -9999 -9999 -9999 -9999 -9999 -9999 -9999 -9999 -9999 -9999 -9999 -9999 2.20114679354824e-05 1.49875380719299e-05 0.00914456493196927 0.0236578243446639 0.0386441840603973 0.00629384048226351 0.00493108468813766 0.00522689409545004 0.00527587307063243 0.013051610665636 0.0963495034810977 0.178586453620326 0.0372798879839083 0.256460278932541 0.0989130092813546 0.136426103849795 0.0973821055946851 0.242213069126885 0.251186465519975 0.0983204759211332 0.0492896187226581 0.00402830470197673 0.0184807337028039 0.00625290094848701 0.00397057749681717 0.142636370112158 0.22414618173192 0.155310848238741 0.313935368839304 0.366199402204763 0.292683492470563 0.169994035010673 0.474490702091664 0.569435218229984
-9999 -9999 -9999 -9999 -9999 -9999 -9999 -9999 -9999 -9999 -9999 -9999 -9999 -9999 -9999 4.53458744686941e-05 4.2410949776291e-05 6.01541896196682e-05 0.0164999306645032 0.023631712368934 0.00191454922630386 0.0194520537889872 0.0279187880319274 0.0108892596071635 0.0113320274475197 0.00493836743408205 0.0934926584330752 0.290766251734355 0.44435714834512 0.288770055023375 0.126031805915341 0.102942176222308 0.0869079103605909 0.184094279160023 0.101643460161258 0.0858315662300615 0.0091413322579456 0.0297298636712436 0.00669328855816275 0.0102848359770341 0.0227671049308589 0.41558500132435 0.355346135894049 0.341683620474926 0.417485297732055 0.46815586226061 0.37341916207073 0.252136146155591 0.572695520587731
-9999 -9999 -9999 -9999 -9999 -9999 -9999 -9999 -9999 -9999 -9999 -9999 -9999 -9999 -9999 -9999 1.27519959626036e-05 9.93351056942616e-05 0.000201594564056499 0.00162808385314464 0.00581243762291479 0.0304162335518676 0.0559135785991001 0.0142613888461151 0.0406829682799863 0.0304137078727478 0.0108171559919571 0.0548889063394701 0.508697109889407 0.46972915493283 0.273682859942496 0.256212621509214 0.112198695288285 0.209169256040319 0.237818690728744 0.360556962342773 0.139958478497637 0.015335502029526 0.00670362802688032 0.0107734455008462 0.13263823419235 0.24682345720167 0.209173151925593 0.270793865412477 0.134138959204364 0.248192360532528 0.477795559882054 0.491136421710253 0.362059106221423
-9999 -9999 -9999 -9999 -9999 -9999 -9999 -9999 -9999 -9999 -9999 -9999 -9999 -9999 -9999 -9999 1.06440238596406e-05 0.000182166184262506 0.00410254027124101 0.00391065776394907 0.00144192197488886 0.0298539182674178 0.123565148052149 0.039803169508112 0.023216961744615 0.0297623790693484 0.0218327386396001 0.0553169419886272 0.14862218509603 0.195833712174301 0.315343985835937 0.266510627188286 0.0868448278855843 0.228317797626881 0.254983215509509 0.124534069473853 0.0158585244729874 0.00840618802231937 0.00515282516167848 0.00720744471124252 0.233506085840147 0.175198762792017 0.366004040387128 0.258108867441994 0.183384409362657 0.212509742481418 0.224371575925485 0.465707348037225 0.547075703702867
-9999 -9999 -9999 -9999 -9999 -9999 -9999 -9999 -9999 -9999 -9999 -9999 -9999 -9999 -9999 -9999 -9999 0.000133877948329347 0.0028112083669097 0.0108227517121156 0.00993836617556775 0.0623212457426343 0.0519549693778703 0.034342839497803 0.34424196202159 0.101711191831241 0.161546865336088 0.220011960747886 0.0194668442585537 0.0643306248339284 0.104550801798332 0.272176468841822 0.286989158792421 0.245311284818235 0.2779941110225 0.140070382085875 0.0124587187024414 0.00964669984223026 0.00386834925955526 0.0361132435953319 0.419810114420547 0.187441130437913 0.395901167607028 0.164256581631998 0.157479597316972 0.250515122164117 0.172134770493234 0.162785915176204 0.552807743996382
-9999 -9999 -9999 -9999 -9999 -9999 -9999 -9999 -9999 -9999 -9999 -9999 -9999 -9999 -9999 -9999 0.000430716002999939 3.79652894487491e-05 0.017090234766839 0.048724321662606 0.0900099189805919 0.049050468453517 0.00997164081495375 0.0341523619878195 0.156996141130767 0.0889822523575813 0.155203916517275 0.126580491303499 0.02200708994591 0.272056193513383 0.511245134098151 0.354331217399542 0.248740075123496 0.110994760810935 0.287915171477559 0.340484611541859 0.0291198987336381 0.00561688616784522 0.00209167963547018 0.0734790222354704 0.228834949134829 0.274894953970278 0.313348994638468 0.392836127665355 0.275515319535659 0.378734089005833 0.274882524611967 0.0391745525321746 0.38021411873764
-9999 -9999 -9999 -9999 -9999 -9999 -9999 -9999 -9999 -9999 -9999 -9999 -9999 -9999 -9999 -9999 0.00104354461250518 1.16617842601477e-05 0.15394643910346 0.0699603615353258 0.0750847181374908 0.0213752002432757 0.19330503307806 0.281742826861185 0.105155573872822 0.0807855902729745 0.185266348404577 0.183981129103662 0.0190139516721501 0.266543224542454 0.416877136084315 0.274501966135099 0.18455198044423 0.152164952436289 0.43951922243164 0.184817403059015 0.010513472853364 0.00454921815544367 0.0081301588306682 0.117728358798377 0.346453192560642 0.144304656629073 0.430697746447777 0.303141747746603 0.366656896481727 0.267423968917189 0.418951150682074 0.105977822761131 0.269907271102753
-9999 -9999 -9999 -9999 -9999 -9999 -9999 -9999 -9999 -9999 -9999 -9999 -9999 -9999 -9999 -9999 0.00179717232822441 0.000817703029276216 4.06879120670835e-05 0.0745997565183807 0.0940163369741129 0.0182894698368245 0.11743124795545 0.214820215806635 0.328522039583253 0.275293909161747 0.203732028049928 0.185056461955044 0.00789587203668079 0.129382087755224 0.350163206809967 0.121554086349203 0.0790134585206397 0.186519304130391 0.43848339349409 0.0988008158404697 0.00625442238512593 0.00425381836231963 0.146969624158038 0.598714825265622 0.487061705421969 0.307411757142483 0.293448135083455 0.329690027103478 0.337003051092801 0.322296365648508 0.158207135418745 0.435791228757097 0.653876217603683
-9999 -9999 -9999 -9999 -9999 -9999 -9999 -9999 -9999 -9999 -9999 -9999 -9999 -9999 -9999 -9999 -9999 0.00162410801898328 0.00184804182255777 0.000565139557042214 0.0073831933709243 0.0853657440788464 0.0559587836637559 0.181673395054518 0.228126757020812 0.480540088151465 0.112080316870306 0.0428722733943585 0.0365625963907255 0.117630116119563 0.135790611597219 0.0714326308398013 0.0998855034644492 0.145771874021432 0.12723630314932 0.063251500090181 0.0352850961295508 0.0025547368073787 0.0569694552563712 0.564469516568824 0.604560275299009 0.40583327566972 0.147203404078515 0.365370786674708 0.429676698202652 0.347997779466396 0.300254489661005 0.476497308424657 0.497171180792451
-9999 -9999 -9999 -9999 -9999 -9999 -9999 -9999 -9999 -9999 -9999 -9999 -9999 -9999 -9999 -9999 -9999 -9999 0.00244082148539093 0.00222442557888371 0.00281326127139384 0.142851289783498 0.165009774600354 0.105601454562163 0.269493850071348 0.238379596667995 0.150006328996946 0.221777155589078 0.0692612249404095 0.0654706112190133 0.0945515847595323 0.0684253716887906 0.15160800190204 0.319240769362372 0.00289497864828109 0.0189649438005517 0.0114814944110535 0.005806194468503 0.00706791739036128 0.181266959437994 0.674171555293698 0.541546010316592 0.383053480303058 0.373833677850128 0.420209999245498 0.472944225805622 0.393603080334901 0.197882221890853 0.451324216534124
-9999 -9999 -9999 -9999 -9999 -9999 -9999 -9999 -9999 -9999 -9999 -9999 -9999 -9999 -9999 -9999 -9999 -9999 -9999 0.00139543320941469 0.00191161392863705 0.17699623426764 0.125292980992027 0.106504795798377 0.278759755227517 0.391153634587255 0.296002245334271 0.0975831415473646 0.268386558155238 0.154048036447412 0.136951482311528 0.0493993569903091 0.103907157648355 0.227262032739818 0.0856817879020109 0.454849686726887 0.317478193538897 0.00449825949482012 0.0105705969718499 0.0935549512792351 0.588884414224961 0.751229900419712 0.601443683926482 0.406466299899038 0.391434163190834 0.369906474265651 0.425247038394409 0.371028500578397 0.394194254713018
-9999 -9999 -9999 -9999 -9999 -9999 -9999 -9999 -9999 -9999 -9999 -9999 -9999 -9999 -9999 -9999 -9999 -9999 -9999 0.000629733962705359 0.000966216212162248 0.166455419319173 0.121312120772465 0.196299101171903 0.360113053105306 0.532153451666236 0.28461205093363 0.159004700569436 0.321478223620361 0.362843182522338 0.102463329745653 0.10110601710262 0.106175088302698 0.0842812211961791 0.122047102207262 0.322839579209685 0.434294673444334 0.00552847869849515 0.00784360476095522 0.0264502742213188 0.0296775582416761 0.445793808610268 0.562798742199778 0.444887673388592 0.451078117879309 0.423328490677414 0.628170758960769 0.410512546740452 0.574129653573036
-9999 -9999 -9999 -9999 -9999 -9999 -9999 -9999 -9999 -9999 -9999 -9999 -9999 -9999 -9999 -9999 -9999 -9999 -9999 -9999 0.00235883120123097 0.000423915898898713 0.00127195650782533 0.0402428576946891 0.23319413880456 0.0812266849339276 0.10409949184287 0.283029018677771 0.221985770690262 0.121511685910268 0.162857938754566 0.103648985138813 0.179734241238721 0.100404926434548 0.119236712465354 0.229148249361182 0.372069724995095 0.606069360664408 0.0896066810756839 0.00733528518292534 0.0166818986552899 0.00442046866940848 0.0135366890068636 0.366872817631188 0.348187589221894 0.600831573307514 0.474909823782852 0.507101085912609 0.390880942719241
-9999 -9999 -9999 -9999 -9999 -9999 -9999 -9999 -9999 -9999 -9999 -9999 -9999 -9999 -9999 -9999 -9999 -9999 -9999 -9999 -9999 -9999 0.00161646547106405 0.00201240859726784 0.00219216876935506 0.00257639225497633 0.00320434355110528 0.0365116963461195 0.168425474752139 0.226504318127204 0.231974319404307 0.344228312042324 0.25519582932896 0.113614151971211 0.0684916809768222 0.137375617415997 0.475440205335617 0.628916232287884 0.184903323694307 0.551887216562866 0.0894209236493187 0.0141562238421815 0.0388854697651396 0.0662753095222125 0.338817698301831 0.50985319678264 0.40967835309958 0.603348074319204 0.587222214075737
-9999 -9999 -9999 -9999 -9999 -9999 -9999 -9999 -9999 -9999 -9999 -9999 -9999 -9999 -9999 -9999 -9999 -9999 -9999 -9999 -9999 -9999 -9999 -9999 0.004868168578126 0.00378980473900352 0.000676282366062624 0.00328578249654683 0.0854632194407085 0.212115147082374 0.366273094902863 0.30898398804477 0.177423523725187 0.0792048228405474 0.0401825034603046 0.192200248768388 0.242574430171827 0.513869923055172 0.51573506774077 0.694839895963669 0.745275632014964 0.503476124825762 0.0386756966280414 0.0230693532611775 0.326095382730361 0.685083039312158 0.526557439572643 0.514990201219916 0.533608250604011
-9999 -9999 -9999 -9999 -9999 -9999 -9999 -9999 -9999 -9999 -9999 -9999 -9999 -9999 -9999 -9999 -9999 -9999 -9999 -9999 -9999 -9999 -9999 -9999 -9999 -9999 -9999 0.000505097867456647 0.00247011351724752 0.174709065159737 0.308388056170012 0.402127647163084 0.0843893181405293 0.0811580369869047 0.185607278492488 0.204630247099172 0.342091948352754 0.502645114511251 0.57769280642271 0.667735525667667 0.725221571624279 0.766619838774204 0.228690806315537 0.0214699584191251 0.00990489920336361 0.424529777432877 0.569915940016508 0.524092994178645 0.605172119438648
-9999 -9999 -9999 -9999 -9999 -9999 -9999 -9999 -9999 -9999 -9999 -9999 -9999 -9999 -9999 -9999 -9999 -9999 -9999 -9999 -9999 -9999 -9999 -9999 -9999 -9999 -9999 0.000863104360165393 0.00132792088260325 0.0827806099675317 0.293207770116932 0.41299855255289 0.0462307190972215 0.0678392435584283 0.265035202704774 0.0350840328738641 0.176534039361662 0.336764610725361 0.491025510553848 0.485464426062827 0.61700264695799 0.689929077625275 0.621208305058727 0.210959191181606 0.00469259254847871 0.0237710505709891 0.325007474126353 0.538089034230952 0.648477476651275
