data/mov_prob_1000.asc
NCOLS 117 
NROWS 87 
XLLCORNER 110650 
YLLCORNER 6895750 
CELLSIZE 1000 
NODATA_value -9999 
[rows 0 to 21 of 87, columns 0 to 48 of 117]
-9999.000000000000000 -9999 -9999 -9999 -9999 -9999 -9999 -9999 -9999 -9999 -9999 -9999 -9999 -9999 -9999 -9999 -9999 -9999 -9999 -9999 -9999 -9999 -9999 -9999 -9999 -9999 -9999 -9999 -9999 -9999 -9999 -9999 -9999 -9999 -9999 -9999 -9999 -9999 3.42494186043041e-05 0.000135151416407667 0.000230515442250387 0.0002147768040791 3.83767728635576e-05 -9999 -9999 -9999 -9999 -9999 -9999
-9999 -9999 -9999 -9999 -9999 -9999 -9999 -9999 -9999 -9999 -9999 -9999 -9999 -9999 -9999 -9999 -9999 -9999 -9999 -9999 -9999 -9999 -9999 -9999 -9999 -9999 -9999 -9999 -9999 -9999 -9999 -9999 -9999 -9999 -9999 -9999 5.56844224774977e-06 1.45159478102465e-05 3.16600434826386e-05 3.44268927348438e-05 3.60516405589806e-05 9.824801306479e-05 0.000205303955722809 9.98592131864938e-05 -9999 -9999 -9999 -9999 -9999
-9999 -9999 -9999 -9999 -9999 -9999 -9999 -9999 -9999 -9999 -9999 -9999 -9999 -9999 -9999 -9999 -9999 -9999 -9999 -9999 -9999 -9999 -9999 -9999 -9999 -9999 -9999 -9999 -9999 -9999 -9999 -9999 -9999 -9999 -9999 1.44434309615118e-06 4.25998686851212e-06 1.80037529685251e-05 8.77004445828788e-05 0.000258378369899219 0.000368018190411874 0.00193581415774322 0.00248428092316065 0.000937112983286807 0.00101873513259032 -9999 -9999 -9999 -9999
-9999 -9999 -9999 -9999 -9999 -9999 -9999 -9999 -9999 -9999 -9999 -9999 -9999 -9999 -9999 -9999 -9999 -9999 -9999 -9999 -9999 -9999 -9999 -9999 -9999 -9999 -9999 -9999 -9999 -9999 -9999 -9999 -9999 -9999 -9999 3.65855637832842e-05 8.26622128730186e-05 0.000379254993422364 0.000741993403287324 0.00604012793470127 0.010359873600828 0.020594312436084 0.0189975309325382 0.0178980932128616 0.007205435112535 0.00273934227239049 0.00287206163513632 0.00332676404192925 0.00315220563854833
-9999 -9999 -9999 -9999 -9999 -9999 -9999 -9999 -9999 -9999 -9999 -9999 -9999 -9999 -9999 -9999 -9999 -9999 -9999 -9999 -9999 -9999 -9999 -9999 -9999 -9999 -9999 -9999 -9999 -9999 -9999 -9999 -9999 0.000727371179285304 0.000425401647813136 0.000786001935198516 0.00104027796629339 0.00422075540934469 0.0198181723657715 0.020421811905687 0.00137571962455695 0.0221142964021419 0.073174758926034 0.0865861208861679 0.0775239417652283 0.0938130805108177 0.0823071856618322 0.0606474323801653 0.00180726363497885
-9999 -9999 -9999 -9999 -9999 -9999 -9999 -9999 -9999 -9999 -9999 -9999 -9999 -9999 -9999 -9999 -9999 -9999 -9999 -9999 -9999 -9999 -9999 -9999 -9999 -9999 -9999 -9999 -9999 -9999 -9999 -9999 -9999 0.00102414573757463 0.00216617781676511 0.0109932436565395 0.0108573090232486 0.0151173613166009 0.0203961345617431 0.0519747715426471 0.0302627846783221 0.0478686391090741 0.128912448175251 0.212905350700021 0.256314006892817 0.155615894063025 0.128912581430516 0.0378359929723555 0.00286910889616399
-9999 -9999 -9999 -9999 -9999 -9999 -9999 -9999 -9999 -9999 -9999 -9999 -9999 -9999 -9999 -9999 -9999 -9999 -9999 -9999 -9999 -9999 -9999 0.0060270636212618 0.00766301283711073 0.00826529767273314 0.00281657010847788 0.00327050173655152 0.00190944196028316 0.00368581430477678 0.0162627758196521 0.026492857809371 2.63685157261477e-07 0.000197415385495484 0.000359611295216397 0.000550917994370509 0.00225071367578788 0.00329861690063873 0.0166477110621054 0.0755436479207128 0.0986618288631615 0.0910061001868452 0.192908128499985 0.198248064867617 0.247199893701763 0.349574714601358 0.159706212840974 0.0460194257227704 0.00422829134415371
-9999 -9999 -9999 -9999 -9999 -9999 -9999 -9999 -9999 -9999 -9999 -9999 -9999 -9999 -9999 -9999 -9999 -9999 -9999 0.00792920957319438 0.00664400319699829 0.00620254727977703 0.0139996192619012 0.0397280148149423 0.0609815170488183 0.03889112075804 0.0446535124742777 0.00172673939395575 0.000169272136320485 0.0318781129135092 0.0942114911716146 0.143422125439381 0.0216869535878018 8.01893245965177e-05 0.000332439667545259 0.000342614170222078 0.000124140048644792 0.000332276586443547 0.0244974884174968 0.0889172380946729 0.16050397398416 0.189349026885539 0.112198340702794 0.164359295598863 0.279608365299484 0.354348553375748 0.242085358917649 0.0322102545820154 0.0267563920250541
-9999 -9999 -9999 -9999 -9999 -9999 -9999 -9999 -9999 -9999 -9999 -9999 -9999 -9999 -9999 -9999 0.00388630716042826 0.00740656205653647 0.0109966889407589 0.0242306388167674 0.0458779088033353 0.173185554194351 0.167353479652931 0.139835212512089 0.173705591708639 0.267833737190815 0.116940942528102 0.00143273106801552 0.000137125445775489 0.0132940667644516 0.0776743756560064 0.0960886254692037 0.0493099769798536 0.00429368008003875 3.3814564414739e-18 -9999 -9999 0.000181645184568519 0.00675160033958413 0.0707516604568627 0.14663826647733 0.162080207541054 0.0943624561160887 0.140334597400821 0.166445024450258 0.323093011714518 0.242323822332546 0.0611886072345078 0.0613468641648069
-9999 -9999 -9999 -9999 -9999 -9999 -9999 -9999 -9999 -9999 -9999 -9999 0.00506771729851607 0.00155248447143107 0.00500228905924309 0.0035572761801787 0.00165718872378968 0.0332361348325598 0.227860144217256 0.29309068806392 0.0991091121200359 0.186862972304225 0.292854032889194 0.329142755170279 0.132255355215276 0.228735096114884 0.0920892980340206 0.00801346833085064 0.000276187672533448 0.000381062465749039 0.106277518236904 0.105051386818922 0.106174835441763 0.0440794095319366 0.00830800392370926 1.55980232758021e-05 -9999 0.00110603851703672 0.00289256983772123 0.0936679818995448 0.129750717327197 0.0587544984835746 0.0672984937063006 0.144689758828502 0.106385644345889 0.183716439468114 0.207974482975687 0.0851504527591169 0.0772313798929099
-9999 -9999 -9999 -9999 -9999 -9999 -9999 -9999 -9999 -9999 -9999 0.00297062895212245 0.0120909533529186 0.144701177218207 0.0899297234125694 0.0226538660048391 0.00544181434401253 0.00990291686181081 0.247919962910231 0.291265491863447 0.179605280181835 0.138765689926309 0.152377865092578 0.251541216271991 0.191911110161347 0.196451581298726 0.0374031203091036 0.00361667949616778 0.000956630860026768 0.000751646896652574 0.0295427750670952 0.093117081837263 0.158691040615846 0.204311098499747 0.0916866687498987 0.0205613603765503 0.00575216935475449 -9999 0.000154880721031446 0.0330296148921737 0.105267457622122 0.0879138110680578 0.0595707861288419 0.0639141718997711 0.0937805139584802 0.229454824444686 0.215372153669596 0.112697433177382 0.207232610667124
-9999 -9999 -9999 -9999 -9999 -9999 -9999 0.000581170195043038 0.0050830891127006 0.0118357701457094 0.0214110091081158 0.0377957071701925 0.0776805034424812 0.427092709615827 0.2448001254478 0.0842920453473926 0.0188235896232072 0.00641713322542273 0.0628671072063277 0.355659069920657 0.409325879028765 0.328240054046914 0.196829793873502 0.284214081680691 0.342043626829152 0.154050163864662 0.0348010942851589 0.0208865209298623 0.0228318106828978 0.00237066078816454 0.000723149566351521 0.0116334553234447 0.0490332750487141 0.224097158014774 0.0836423972310518 0.0527440612002085 0.00996358418594752 0.0107736974023283 0.000292796701654533 0.0117106986220205 0.122132034617695 0.145543801337481 0.100255477552001 0.0858559982683813 0.0844455873445623 0.274675836674869 0.236018285602331 0.142447776636018 0.32230059140393
-9999 -9999 -9999 -9999 -9999 0.00049637071278994 0.00342267321330153 0.0115751882328186 0.0429528343818085 0.0965031770803034 0.145629026601091 0.177946181148291 0.144525217607747 0.282940982877435 0.302314855474979 0.106532578379847 0.0347116823773831 0.0219846133211104 0.0551803459064104 0.193422647751868 0.324932313710451 0.223915171839411 0.187687572926729 0.241911503747665 0.204599749293389 0.144916945542403 0.0141648847988577 0.0829828701998758 0.180806118583312 0.00927908041981931 0.00344722514743253 0.00221981489798054 0.0204188003889612 0.105525672956762 0.0978518584486623 0.0556028286915819 0.0282508854526783 0.00581215007073521 -9999 0.0227867807206564 0.115057522562691 0.135222448706627 0.155747467506653 0.207242110436782 0.225310852571219 0.264535248718587 0.281810056641698 0.217786411388746 0.193388897647404
-9999 -9999 -9999 -9999 -9999 0.000486978896505379 0.0150280588863463 0.0170411869924283 0.0263913011692057 0.0894421277102083 0.0867917498701354 0.219085729178041 0.211310360580683 0.193368851528396 0.245893551649133 0.141412045350298 0.0898313437681645 0.0627118637787768 0.0590754167223349 0.0905245426547481 0.15156531078741 0.170458878516999 0.297068706363128 0.203725137416647 0.185446508549212 0.0767374040355313 0.0662041851225558 0.262499704602706 0.339358011898476 0.152369603058972 0.0202146766232457 0.00275377522241382 0.0186951285301492 0.0267908049184129 0.0425000974863659 0.0488767905183114 0.00100518178653856 0.000162784127743431 0.000307417514686385 0.00783797285138185 0.0252000602124099 0.0413147528542322 0.0680640491868405 0.172522669827164 0.270669223515943 0.258706850145229 0.13791780131869 0.131689592385184 0.0825631382550874
-9999 -9999 0.0114972144729109 0.00334628411042889 0.000619259887921194 0.00105676890234463 0.00487541861191858 0.00893803929586738 0.0521292479653627 0.0138430838495999 0.00291637249819283 0.0554788361338433 0.171532403036279 0.20048314865295 0.138504223115941 0.140792256526962 0.120378280948554 0.185735268065756 0.0944527528401469 0.13133384684436 0.0697452216991223 0.0886369176674102 0.185664348497991 0.213559170058477 0.21490349797532 0.188389120484149 0.25617248533778 0.252508072132358 0.21682559510741 0.189132617431543 0.0297162378016296 0.00455850086256345 0.0025524752985517 0.0328696572137693 0.0218123919294377 0.00561183403298844 0.000170414448113579 8.65420726404409e-05 0.000256724837233691 0.00187220012984076 0.00481013054951764 0.0232785784069445 0.0584811573331135 0.108546747075743 0.151932886626928 0.253584005609654 0.0792722693672766 0.114034665014265 0.0470852074106974
0.0379772779621042 0.0458763623161411 0.0263395343677267 0.00676188516695591 0.000658513392155376 0.000786263767561953 0.0022671439611277 0.00559114503849847 0.0506751099855214 0.0999719717240824 0.059313312252904 0.0498058638281843 0.145915916053216 0.14621130031449 0.115781644829549 0.213568458426744 0.10283146163417 0.113329591202339 0.226429993354695 0.277349990196526 0.18844439920038 0.100008473108072 0.154317296469839 0.238220190629363 0.364710823148489 0.438666460454694 0.260375232938369 0.253243965208415 0.155722613813307 0.052810839173985 0.0453606421986833 0.0401919506593593 0.00145299517300338 0.0143643325651155 0.00172873379552252 0.0015905255122801 0.000157924787690832 0.000255200929379953 0.00211103792785787 0.00922523058453989 0.0241092554240382 0.0764699367069009 0.0902349470276785 0.0822222110959126 0.0515512762104332 0.0889913018369059 0.0351650273096536 0.0726633849652997 0.0232693294126022
0.0361352501717587 0.0383818418647885 0.0132485159527585 0.00281502341385931 0.000384648255503635 0.000197802881302778 0.00150259466803012 0.00282712146627634 0.0135391158776463 0.0479912559763334 0.0566574141565805 0.107143712067066 0.182491091323802 0.0910265787343465 0.0885837278703312 0.115240343079996 0.0728485725449877 0.115604849840646 0.0795973618854744 0.102005151164927 0.0844254539023007 0.0721541781886471 0.046468434434993 0.164176897946313 0.215935194499482 0.324086236165047 0.223649289740654 0.260544994790671 0.243963931469779 0.0817312975460663 0.154583263078049 0.113920008866003 0.00101689009736851 0.0170267431754455 0.00479736915002721 0.00212688460062964 0.000259896755826935 0.000339621661603764 0.0110580013063324 0.0770914407813232 0.0546695905831108 0.0424363395513853 0.155338324430167 0.0966774510624186 0.0615720418662175 0.132223380224531 0.0680843636819606 0.0457428736817225 0.0662283789948155
0.0297184786506694 0.0582147700162386 0.0214861662464026 0.026883167054459 0.00790230072650596 0.00265900037902611 -9999 0.00173467640401393 0.00856287039678274 0.0187587397668576 0.0466510358484242 0.0195735746437952 0.0481917193911384 0.0859786644538615 0.0906828425928612 0.106257032741667 0.105809499511751 0.0382480331851967 0.0468030420533515 0.0631446905506268 0.0880306270441093 0.0952844576024841 0.0858496542208306 0.134201719664835 0.199792812507515 0.0993672277914252 0.200405232708834 0.154496429012532 0.148558256497558 0.120726240023248 0.0482124665541864 0.0291477607212735 0.00995486405537028 0.0825516448675329 0.017083137422018 0.00572245972988619 0.00115456260096792 0.000339460589890287 0.150624157065538 0.28656013311127 0.155654585546422 0.0726602094684158 0.104115638498313 0.205357699665489 0.0666587136553055 0.0773654057928611 0.0906475028397542 0.0989343167873618 0.0458293124679622
0.00896149798913505 0.129098309730525 0.119771198724534 0.030486302915901 0.0219232601914559 0.00293163163427462 -9999 0.00129919452965248 0.0101200432179075 0.0161932347176805 0.0110470927221877 0.0437414095430703 0.105234421806093 0.084987189365004 0.0366874537414075 0.0630167842780622 0.02996371471875 0.0484124557237335 0.0803863919898868 0.0521133900759742 0.0401938759058248 0.0570500063238924 0.0571285733123808 0.113091751456186 0.0430792358022127 0.102939851497543 0.0602994794866664 0.056846082001638 0.0839278262356998 0.0826222043301187 0.0740518803187224 0.0409230546605249 0.0136998431064762 0.119248175167352 0.0606655418089452 0.0017299732623411 0.00187653260359163 0.00242185985612538 0.124540804216144 0.249442830870329 0.0834938219670612 0.1575262716128 0.0740710133692248 0.0983883515773462 0.0573024552652502 0.0380070944906037 0.0614671883439662 0.03778418733089 0.0165440153735063
5.84193563602967e-19 0.100593336147829 0.0675543974429572 0.007955674145714 0.00549586453688919 0.00114627918717873 -9999 0.000678951036757998 0.0396986005899113 0.112111587778163 0.0727608366247846 0.0144558170645123 0.0104950205157063 0.0120314176126475 0.0240364606746846 0.0546702986584197 0.0653670830556075 0.0582051328466898 0.0606725558363271 0.0240157267953407 0.0375223918100498 0.0165514059995406 0.0342816845094011 0.0361257831903136 0.0315374184251006 0.0467088025049106 0.0490386104653576 0.0345609075686487 0.0348693397842806 0.0601058587958907 0.114133990873415 0.0854354181885719 0.0630292260521887 0.12434011878425 0.170549195491186 0.00024114945491911 0.000652074365425506 0.00455143972640352 0.0043906358717775 0.05950954487571 0.224541212693863 0.331131162485943 0.184945220138869 0.158799920253421 0.095933280499709 0.0297276303369219 0.0224545673062539 0.00915906806725965 0.264807373755502
-9999 0.014280089709633 0.00757437538284172 0.00152185212605368 0.000329728693667366 0.000428485961906104 -9999 0.000622362329246767 0.0606334316831623 0.116556774789359 0.0779470701122372 0.0161227238773881 0.00288071405776066 0.0384587396243897 0.119521835737096 0.141012010157464 0.0415416862526777 0.030686379946594 0.0532454954050273 0.0445839423715935 0.0238175206597313 0.0185879701173541 0.0194863343342907 0.043518364070857 0.0408839105228516 0.0295482677446402 0.0435334174742568 0.0195257528387368 0.083109735844276 0.0874957034205147 0.0626779038831638 0.100891123370653 0.0552045174030636 0.0993047721358462 0.0386856506895673 0.00762299539870078 0.00368554281612662 0.00631746533278771 0.00146199745494913 0.00651842927133698 0.0437617900460562 0.0850449573403618 0.223511376038243 0.153109936113028 0.0867873487701411 0.0330376738691595 0.0297948741104527 0.0214390922776271 0.236985516033048
-9999 -9999 0.0190756753783557 0.00861601011900297 0.000977027084244573 0.00036290096388964 0.000227477497398659 0.00108926582073927 0.00383609316374684 0.0251661327045265 0.0420070758551869 0.0161151234239963 0.00461266013128138 0.0542755108506396 0.0483706439169948 0.0242268547655054 0.00943942900497093 0.00391245234074981 0.00175496900380436 0.000373248936852863 0.000399989802021595 0.00279246751701124 0.00956147539375794 0.0393753279712511 0.0344801833640746 0.0351385295259219 0.0672869823051138 0.0371162433910203 0.0727695254353861 0.0493638083650988 0.130838605841015 0.0773091779537388 0.0417385584544371 0.0698489813527366 0.0827631860826201 0.0231857088435641 0.0304941345446423 0.116907336402522 0.00467311638145457 0.00235114349451238 0.00910253850890181 0.162061861953564 0.170923829305353 0.389990834576306 0.0638042753845433 0.0491113494474082 0.0701789328189646 0.347004939210252 0.520775138356562
