data/mov_prob_200.asc
NCOLS 586 
NROWS 434 
XLLCORNER 110250 
YLLCORNER 6895950 
CELLSIZE 200 
NODATA_value -9999 
[rows 352 to 373 of 434, columns 350 to 399 of 586]
0.106426145881414 0.0956951528787613 0.0716419965028763 0.0372143415734172 0.00674335641087964 0.00142111998866312 0.000307024070934858 0.000123277743114159 0.00028352930166875 0.001076068765542 0.00754389562644064 0.0242203781381249 0.0370767723652534 0.0679075196385384 0.100612461566925 0.0381532268229421 0.00954933771485855 0.0767912207518293 0.0198728942632442 0.108557363972068 0.0926989205181599 0.0805196017026901 0.0860680118203163 0.10375652462244 0.0640387567691505 0.0353295065672228 0.0761244200402871 0.0967046122532338 0.00872452703182347 0.328856887863367 0.486440926790237 0.490211419761181 0.248739756167197 0.120078535297921 0.00770487435268326 0.340983405709267 0.534684658050537 0.572733744978905 0.566855669021606 0.560315325856209 0.551639556884766 0.558672189712524 0.576000988483429 0.595477759838104 0.618510395288467 0.633232742547989 0.61459968984127 0.434999216347933 0.456249207258224 0.200037147384137
0.100952710956335 0.093396520242095 0.0691959988325834 0.0546637633815408 0.0267085521481931 0.00614822242641822 0.000669223583827261 0.000374919371097349 0.000560650849365629 0.0012345467985142 0.00708953989669681 0.0162248180713505 0.0369371138513088 0.0456615890943795 0.0556591246277094 0.0985617451369762 0.0978819448500872 0.0414298047627426 0.0696601215749979 0.087122431024909 0.082623453810811 0.0641939798370004 0.0981654822826385 0.113471627235413 0.0885989349335432 0.0220192694148409 0.0588133264100179 0.0660410154814599 0.0801216117688455 0.254649646580219 0.339904896914959 0.157275454946898 0.00101249952240323 0.0738057782873511 2.22403487626366e-07 0.392818540334702 0.571215659379959 0.580105304718018 0.562854617834091 0.525286853313446 0.496741630136967 0.537316143512726 0.562502220273018 0.592486292123795 0.622649192810059 0.640063926577568 0.636438295245171 0.313881543232128 0.353561041876674 0.518328189849854
0.11302287504077 0.0945802796632051 0.0759144779294729 0.0497817043215036 0.0199124542996287 0.00537926639663056 0.000918176549021155 0.000752261694287881 0.00154238540562801 0.0027816608780995 0.00441106973448768 0.003269024862675 0.0157219705870375 0.0463827522471547 0.058160281740129 0.0639463700354099 0.069169545546174 0.0741570331156254 0.0570057053118944 0.0407258218619972 0.0556779820472002 0.0519275339320302 0.082983335480094 0.111248629167676 0.0303124652709812 0.0930981943383813 0.146250818404951 0.114154214272276 0.280476380139589 0.259933620691299 0.10416610068806 0.0031892430834637 0.0764328418063087 0.00231810931516796 1.38849188147216e-07 0.458177257329226 0.590472981333733 0.586895525455475 0.566188097000122 0.434705093502998 0.393480636179447 0.511063188314438 0.55608394742012 0.581724584102631 0.602866679430008 0.612161844968796 0.616172432899475 0.551181577146053 0.115931281245178 0.463104665279388
0.100112596061081 0.0782587793655694 0.0657476761844009 0.0371542649809271 0.0163339630234987 0.00195513803919312 0.000425274738518056 0.000415139031247236 0.0010584714327706 0.000976271359832026 0.000818667787825689 0.00054010551320971 0.00173928154981695 0.0097174936090596 0.0240797935985029 0.046162145677954 0.0459149787202477 0.0508387284353375 0.0286694776732475 0.017632226459682 0.0208795594517142 0.0340128834359348 0.0811042711138725 0.110523447394371 0.0567815841641277 0.117515545338392 0.108820762157848 0.227497760206461 0.470873057842255 0.371213927865028 0.0716657662796933 0.00408354768387342 0.000726594937077607 2.06779536246374e-07 0.199286533669948 0.611679971218109 0.6123006939888 0.603154927492142 0.578093022108078 0.501893766224384 0.455473981797695 0.49439712613821 0.49628209322691 0.515244252979755 0.556752845644951 0.564155787229538 0.563393205404282 0.58365124464035 0.18707648164127 0.281765336811077
0.151517282240093 0.139677269384265 0.126725901383907 0.0387441872153431 0.0031040396407116 0.0010344461773002 0.00060771762218792 0.000297041766316397 0.000178960077391821 0.000167700058227638 0.000207562352443347 0.000293251312541543 0.0011482257687021 0.00159208392142318 0.0043245407869108 0.0326380957849324 0.0478122001513839 0.0360780633054674 0.0115743863862008 0.00431414501508698 0.00666658335831016 0.0231447238475084 0.0745378509163857 0.107147246599197 0.0440757977776229 0.184849269688129 0.0612924545130227 0.358482323586941 0.389120766893029 0.141061856806516 0.0190563087051032 0.0134189186792744 0.0315267056163128 0.140367889776826 0.561296656727791 0.584361106157303 0.589287653565407 0.592188611626625 0.579072415828705 0.399983033537865 0.39836124330759 0.334875144064426 0.405542753636837 0.479680173099041 0.531790807843208 0.5355054885149 0.537328287959099 0.557690978050232 0.509563036262989 0.093603006680496
0.219082597643137 0.195782393217087 0.149460881948471 0.133101675659418 0.0560360387898982 0.00643345647040405 0.000905968568986282 0.000631211147265276 0.000248960757744499 0.000106757930552703 9.67499890975887e-05 0.000394223992771003 0.0027638417086564 0.00344592425972223 0.00360126188024879 0.0211958630243316 0.0280828115064651 0.0258240904659033 0.00932129751890898 0.0023871687008068 0.0047469066339545 0.0284910104237497 0.0717951506376266 0.110204059630632 0.0715694641694427 0.185349096544087 0.152643514797091 0.167401294356564 0.0566680096154652 0.0401442818174251 0.033338488578238 0.168304992839694 0.176840245723724 0.296993091702461 0.565355256199837 0.562912434339523 0.565389469265938 0.57182252407074 0.582326278090477 0.202004549326375 0.38871581107378 0.488243974745274 0.380368374288082 0.405774101614952 0.489332936704159 0.506531909108162 0.514980778098106 0.522567301988602 0.561508238315582 0.34629755653441
0.247950829565525 0.216477297246456 0.140369474887848 0.119266763329506 0.0822696387767792 0.0231060751248151 0.00310475818876699 0.00211152837050577 0.000900093771633692 0.000239500595853315 8.91192739800317e-05 0.000172986196048441 0.000877253667567857 0.0037135916063562 0.0055385350715369 0.0151302828453481 0.0228062383830547 0.0175864025950432 0.0099466125248 0.00446578138507903 0.0124660717556253 0.0440985462628305 0.0880897976458073 0.109616128727794 0.0579098287332549 0.151871156878769 0.0296071466570993 0.124814201146364 0.230021386174486 0.399846699088812 0.274618726223707 0.260487955063581 0.453307926654816 0.495404727756977 0.611283332109451 0.547148987650871 0.547008395195007 0.562653943896294 0.593366384506226 0.0524534286068956 0.359373241662979 0.427126705646515 0.518989138305187 0.366763181984425 0.450418263673782 0.501312769949436 0.587386965751648 0.517223849892616 0.54257008433342 0.562306851148605
0.222244627773762 0.223932363092899 0.123418951407075 0.131463406607509 0.0713826678693295 0.0689171720296144 0.0274401283822954 0.00768888049060479 0.00339706015074626 0.000510729551024269 0.000268778941972414 0.000356190270395018 0.00122549341176637 0.00285453221295029 0.00161498112720437 0.00330799959192518 0.0108863962814212 0.0109292592387646 0.00648067862493917 0.00619576778262854 0.0200569489970803 0.0540997954085469 0.0942949876189232 0.111725721508265 0.082421287894249 0.137997905723751 0.245498958975077 0.400426782667637 0.486099816858768 0.521584928035736 0.306791432201862 0.301242627203465 0.502490900456905 0.465843044221401 0.496666498482227 0.531273171305656 0.512169264256954 0.552902698516846 0.602714404463768 0.0863498452461104 0.318797931075096 0.526041477918625 0.498376443982124 0.386928111314774 0.379807665944099 0.446792908012867 0.522910475730896 0.602289631962776 0.520043835043907 0.570862010121346
0.219302948564291 0.229228865355253 0.206076953560114 0.128853170201182 0.143932446837425 0.0919010303914547 0.0653595617040992 0.017257672327105 0.00795587392349262 0.00132000639860053 0.00144358945544809 0.00211008090991527 0.00338397169252858 0.00384501385269687 0.0011032909314963 0.00152042109402828 0.00485428544925526 0.00461871031438932 0.00215274251604525 0.0074839434819296 0.0183251469861716 0.0505739790387452 0.0878751575946808 0.0730984383262694 0.107943240553141 0.0940966852940619 0.322287835180759 0.418698325753212 0.50768630951643 0.532219454646111 0.393436715006828 0.343211181461811 0.447057023644447 0.534979298710823 0.520748928189278 0.483519293367863 0.472617082297802 0.520409040153027 0.601991131901741 0.255821721999777 0.132890489960118 0.400088660418987 0.400030463933945 0.493459910154343 0.375682629644871 0.408642560243607 0.582229360938072 0.555069133639336 0.497515939176083 0.534725427627563
0.222484458237886 0.207457840442657 0.188296172767878 0.143766770139337 0.119391426444054 0.106325810775161 0.0867835488170385 0.0515353512018919 0.0247825710102916 0.00617341086035594 0.00648962066043168 0.007191879209131 0.00753070996142924 0.00786623451858759 0.00450235605239868 0.00352198578184471 0.0028394813707564 0.00174390961183235 0.00466496287845075 0.00806303706485778 0.0187209416180849 0.058060884475708 0.0968559999018908 0.111873922869563 0.0680309538729489 0.0429732173215598 0.325423836708069 0.451762698590755 0.496407471597195 0.5498266518116 0.478528901934624 0.472783528268337 0.483895815908909 0.478757463395596 0.53417119383812 0.531660676002502 0.444624349474907 0.324917510151863 0.103351950878277 0.112416116739041 0.0469523476413087 0.396471198648214 0.564731188118458 0.545013643801212 0.439640991389751 0.471354134380817 0.522132702171803 0.524824678897858 0.446304403245449 0.474366083741188
0.139639845117927 0.201756447553635 0.182408317923546 0.147367682307959 0.11723299138248 0.119390018284321 0.099881824105978 0.0616587195545435 0.0364670923445374 0.0227338627446443 0.0179661614820361 0.00893404037196888 0.00933387828990817 0.00263724248679864 0.000565903959798818 0.0038295164140037 0.00237287185350965 0.00264293831423856 0.00610105693340302 0.0123769875790458 0.0336395632475615 0.0627426169812679 0.095131890848279 0.1209024656564 0.0462218748798477 0.0687357915703615 0.360033720731735 0.460369251668453 0.438555233180523 0.572054356336594 0.541136011481285 0.609279647469521 0.533558323979378 0.424337260425091 0.490917511284351 0.491034097969532 0.510300040245056 0.445675000548363 0.293905291706324 0.293334595859051 0.162841727986233 0.201607862021774 0.614572301506996 0.616215616464615 0.599093973636627 0.61385141313076 0.620123401284218 0.567793615162373 0.545497678220272 0.527795352041721
0.203196004033089 0.198712728917599 0.175144463777542 0.154416345059872 0.123632710427046 0.109489044174552 0.0965643338859081 0.080816775560379 0.0546330502256751 0.0612098332494497 0.0590984243899584 0.0266047052573413 0.0221435692561051 0.0208553232560007 0.0108017289167037 0.00590381288202479 0.00494346715277061 0.0068263616412878 0.0107198164332658 0.0223887148313224 0.0395751623436809 0.0697045950219035 0.101219441741705 0.11597210355103 0.0267718728864565 0.171085432812106 0.380748257040977 0.474506989121437 0.555206879973412 0.585166364908218 0.58007387816906 0.525526382029057 0.51470360904932 0.511150747537613 0.452903918921947 0.454305723309517 0.467403337359428 0.479087635874748 0.460382036864758 0.503721870481968 0.479702807962894 0.352409705519676 0.415658965706825 0.554497838020325 0.581695109605789 0.586581647396088 0.561131678521633 0.615101620554924 0.626507222652435 0.541205152869225
0.207973692566156 0.186357475817204 0.163603525608778 0.151781722903252 0.133678527548909 0.0817704703658819 0.0897134058177471 0.0869069993495941 0.0810271073132753 0.0979614164680243 0.0891050919890404 0.0721966065466404 0.0263265745355739 0.0114001185649313 0.013304484076798 0.00746116809023079 0.00451736450617091 0.00837685249280185 0.0133356244768947 0.0244365204125643 0.0409184424206614 0.071985692717135 0.107390997931361 0.088243966922164 0.143722074106336 0.250480052083731 0.314316708594561 0.470313623547554 0.52487824857235 0.556678473949432 0.587501168251038 0.515661247074604 0.581504926085472 0.4485954195261 0.479263789951801 0.423136539757252 0.498650647699833 0.468118064105511 0.480393424630165 0.388238728046417 0.479987360537052 0.544456504285336 0.465259708464146 0.500012457370758 0.439815111458302 0.611702129244804 0.60888309776783 0.586257055401802 0.495190389454365 0.403876878321171
0.19677160307765 0.158927280455828 0.157057039439678 0.141688223928213 0.130781795829535 0.0817220006138086 0.100950108841062 0.075547032058239 0.0759730730205774 0.064627350308001 0.0487592169083655 0.0353930233977735 0.0143390917219222 0.00727472099242732 0.00404638587497175 0.00282431840605568 0.00612482719589025 0.00922514242120087 0.0174087521154433 0.029360861517489 0.0451654652133584 0.0797785203903913 0.108794413506985 0.0556239420548081 0.244965541176498 0.317033715546131 0.351321153342724 0.482225231826305 0.522428035736084 0.549976274371147 0.590589791536331 0.593183279037476 0.593154683709145 0.552925199270248 0.515840351581573 0.596156015992165 0.670094966888428 0.603107087314129 0.482472583651543 0.339307978749275 0.469428844749928 0.60401251912117 0.604637309908867 0.51049181073904 0.554855279624462 0.553336046636105 0.605380684137344 0.554982110857964 0.558561012148857 0.435980074107647
0.197449747473001 0.176886022090912 0.151128716766834 0.13930606096983 0.128070447593927 0.0882812310010195 0.0925552304834127 0.0988381821662188 0.0707060357090086 0.0666121258400381 0.0481153437867761 0.0178069866960868 0.0033203907078132 0.000668125423544552 0.000795497922808863 0.00317209877539426 0.00700512656476349 0.0128309112042189 0.0224222098477185 0.0367814833298326 0.0601380597800016 0.089072410017252 0.104036806151271 0.0217936321665564 0.34404431283474 0.326141953468323 0.375449672341347 0.486132301390171 0.515910968184471 0.490499004721642 0.576239064335823 0.578369349241257 0.598316296935081 0.596995607018471 0.584295228123665 0.63229039311409 0.668957620859146 0.586229503154755 0.553453899919987 0.281813394278288 0.560276135802269 0.591567933559418 0.510393224656582 0.468550801277161 0.50109825283289 0.44195880740881 0.472695797681808 0.51986088603735 0.564328111708164 0.579638212919235
0.192324612289667 0.182522863149643 0.165055196732283 0.131515122950077 0.127995764836669 0.103166712448001 0.0925217811018229 0.0974720772355795 0.0941008329391479 0.0666136601939797 0.0349712881725281 0.0102958499919623 0.00112181774602504 0.000148045286550769 0.000527609921846306 0.003942069131881 0.0113878487609327 0.017122762510553 0.0304127163253725 0.0498414132744074 0.0643480224534869 0.0859505478292704 0.0819878224283457 0.0191724840381085 0.360104702413082 0.339491605758667 0.441928416490555 0.445146858692169 0.4851154088974 0.531947620213032 0.545192733407021 0.559217363595963 0.579448625445366 0.587827414274216 0.609883382916451 0.655928567051888 0.502895556390285 0.598974831402302 0.498383402824402 0.157414004293969 0.265877127007116 0.613798782229424 0.628474935889244 0.582240074872971 0.529049955308437 0.560431770980358 0.553068406879902 0.482982568442822 0.626100108027458 0.600620552897453
0.176955033093691 0.178203504532576 0.168798163533211 0.141659697517753 0.127377536147833 0.0968796983361244 0.118185898289084 0.085156942717731 0.0940117705613375 0.0773891154676676 0.0445739692077041 0.0102831801923458 0.00147110623220215 0.000387801814213162 0.00111277350515593 0.00574943423271179 0.0180388961452991 0.0224252422340214 0.0430461037904024 0.0613809553906322 0.074215879663825 0.0268377269579787 0.0928937122225761 0.190294889733195 0.37430739402771 0.346177227795124 0.419059753417969 0.390198953449726 0.383903723210096 0.536585405468941 0.533569648861885 0.535421550273895 0.567190304398537 0.577678963541985 0.488258369266987 0.520439423620701 0.434725612401962 0.477131463587284 0.468073584139347 0.497900523245335 0.320975311449729 0.324631555005908 0.581638053059578 0.632059425115585 0.61357343941927 0.554364733397961 0.537089802324772 0.606081016361713 0.658349394798279 0.644258722662926
0.141678670421243 0.164759200066328 0.16080416738987 0.148359388113022 0.128770304843783 0.0975360125303268 0.124377448111773 0.0998796541243792 0.105820307508111 0.0639272471889853 0.0449526784941554 0.0166542548686266 0.00584686745423824 0.00203530443832278 0.00364090624498203 0.010104002780281 0.0258354782126844 0.0295481467619538 0.0561604155227542 0.0521998442709446 0.0870561674237251 0.122246465109009 0.0815912033681894 0.334477826952934 0.36276588588953 0.320515990257263 0.406099960207939 0.39563611894846 0.309500828385353 0.489479549229145 0.480661600828171 0.509292401373386 0.55137924849987 0.569180816411972 0.395068466663361 0.380808383226395 0.406601436436176 0.407332539558411 0.447234936058521 0.46245414763689 0.500215522944927 0.44865521043539 0.173842582735233 0.362801466137171 0.489394463598728 0.451017901301384 0.45388201624155 0.442844294011593 0.563031055033207 0.631091639399529
0.132184509187937 0.154195215553045 0.15601746737957 0.137466926127672 0.103145480155945 0.116544313728809 0.11809515953064 0.116177847608924 0.098648214712739 0.0987581666558981 0.0471016401425004 0.0234466549009085 0.0121495118364692 0.00730069971177727 0.00898407131899148 0.0188530136365443 0.0194784834820894 0.0259563981671818 0.0535752214491367 0.0891669299453497 0.0638068979606032 0.0481467619865725 0.119481327361429 0.327358864247799 0.334972493350506 0.342464275658131 0.421947218477726 0.415103852748871 0.353715140372515 0.460158854722977 0.460634760558605 0.487592674791813 0.528282076120377 0.558787412941456 0.546183317899704 0.378108613193035 0.402587197721004 0.580879285931587 0.487963035702705 0.463803701102734 0.495828203856945 0.511481612920761 0.52512027323246 0.526218138635159 0.477314874529839 0.425466775894165 0.234255902469158 0.514706023037434 0.594132751226425 0.651755586266518
0.0905433297157288 0.149333856999874 0.150776322931051 0.11640783585608 0.112769180908799 0.119823353365064 0.113666646182537 0.111373884603381 0.0940411016345024 0.0872803553938866 0.0463847797363997 0.0217310190200806 0.0160420485772192 0.0125687741674483 0.0135191478766501 0.0201778104528785 0.0310289687477052 0.0306311789900064 0.034872184428183 0.0830992478877306 0.0539270350709558 0.0628917906446986 0.147706409916282 0.207699758466333 0.30821219086647 0.396176785230637 0.420613810420036 0.399006567895412 0.413820058107376 0.425872087478638 0.4222417101264 0.47990657389164 0.523374527692795 0.4997289031744 0.527304112911224 0.482964418828487 0.435172259807587 0.558130346238613 0.643818512558937 0.48128404468298 0.488916739821434 0.533185988664627 0.472503736615181 0.497352875769138 0.554807230830193 0.545684218406677 0.271733386442065 0.410280920565128 0.642729923129082 0.6544049680233
0.120417355559766 0.142526155337691 0.145283956080675 0.100275192409754 0.12515732832253 0.120708245784044 0.115072490647435 0.113191606476903 0.0889238119125366 0.0803985297679901 0.0488118585199118 0.0277937073260546 0.0181732764467597 0.0155285466462374 0.0160134376492351 0.0214924179017544 0.028869085945189 0.015035001328215 0.023780279327184 0.0674100304022431 0.0643757293000817 0.0565931544878318 0.0296336698811501 0.290814023464918 0.176905036438257 0.403948329389095 0.411298088729382 0.415308937430382 0.417135559022427 0.402196101844311 0.355588130652905 0.503563031554222 0.507921099662781 0.528389513492584 0.486535266041756 0.470944613218307 0.471429333090782 0.505281135439873 0.511106371879578 0.494756489992142 0.518996477127075 0.513980865478516 0.580646954476833 0.471569448709488 0.456204064190388 0.578165054321289 0.478917144238949 0.418186105787754 0.514574632048607 0.631121322512627
0.196625147014856 0.156871516257524 0.148643996566534 0.113604232668877 0.113691985607147 0.117303991690278 0.121452076360583 0.116025496274233 0.0988551490008831 0.0659095467999578 0.0400355746969581 0.0302368714474142 0.0222049988806248 0.0177816874347627 0.0139615717343986 0.0209963140077889 0.0280197719112039 0.0120603714603931 0.0113742232206278 0.0632343217730522 0.0821638330817223 0.0350630062270964 0.173825409729034 0.36759352684021 0.384695164859295 0.389862187206745 0.241342175751925 0.154159795492887 0.298714928328991 0.392455987632275 0.341971099376678 0.474857106804848 0.462757915258408 0.489124335348606 0.418175630271435 0.456417500972748 0.562747836112976 0.5987658649683 0.548971079289913 0.556373968720436 0.569089904427528 0.450622990727425 0.539444796741009 0.649340078234673 0.618240386247635 0.58583927154541 0.66606493294239 0.535522647202015 0.625091224908829 0.649859234690666
