data/mov_prob_1000.asc
NCOLS 117 
NROWS 87 
XLLCORNER 110650 
YLLCORNER 6895750 
CELLSIZE 1000 
NODATA_value -9999 
[rows 22 to 43 of 87, columns 49 to 97 of 117]
0.34197105582563 0.341802153430804 0.298661488436882 0.178230607235575 0.265144177453314 0.262381845856748 0.134806999853214 0.0364223302663245 0.00245415467986752 0.000559704987302563 0.0647784374868615 0.0393836551153229 0.0136153825132837 0.229805411898442 0.254903182805105 0.0630053947864526 0.110676016513477 0.0753033910454834 0.00357833937520689 0.15438166600794 0.120808852649007 0.0108613109827942 0.00108245499770773 0.00126659182196161 0.000750731545894672 0.00171173335547792 -9999 -9999 -9999 -9999 -9999 -9999 -9999 -9999 -9999 -9999 -9999 -9999 -9999 -9999 -9999 -9999 -9999 -9999 -9999 -9999 -9999 -9999 -9999
0.351047591155789 0.414404486882777 0.466841918798301 0.427218010100623 0.220841369446817 0.381443992580172 0.210803462502573 0.013693818617786 0.0025704148472581 0.0503898231597451 0.110713455105242 0.211448673848637 0.0219833657188209 0.0847416901804476 0.186822677565864 0.138589236376041 0.319179110357456 0.0986724524374862 0.00298362143655963 0.122149034078678 0.322826765975263 0.23506933209558 0.0594227580181345 0.000421163059416371 0.00111999369559653 0.0018515846518931 0.00288061761636177 4.71096850418462e-09 -9999 -9999 -9999 -9999 -9999 -9999 -9999 -9999 -9999 -9999 -9999 -9999 -9999 -9999 -9999 -9999 -9999 -9999 -9999 -9999 -9999
0.327447126116145 0.273000266076343 0.476247960869732 0.342689474224171 0.306330498153507 0.28261849509057 0.213450612040208 0.00344053953113146 0.00357635073533597 0.184917988854362 0.0937679739122319 0.440592368294151 0.170821469143785 0.157753209444273 0.121013738890818 0.242597743216902 0.312122373481106 0.244333119701926 0.00915022396726979 0.0333908539040511 0.441461280335282 0.305427084372559 0.255110975481751 0.201379402162974 0.00146344432680456 0.00180150467468937 0.00206628514312895 0.00191743901669236 0.00946175861172378 -9999 -9999 -9999 -9999 -9999 -9999 -9999 -9999 -9999 -9999 -9999 -9999 -9999 -9999 -9999 -9999 -9999 -9999 -9999 -9999
0.432965190626968 0.460617180792089 0.402675727050376 0.279319533135258 0.472290173219552 0.566236518047837 0.273992429084633 0.0228622295328495 0.00692085670220906 0.288919068237301 0.167011017005227 0.279605520211035 0.140729165824728 0.213773721240816 0.0610177604014768 0.223568989941184 0.283759694176364 0.268631048615019 0.0520012760628385 0.0159416745347366 0.036598291625814 0.359535954148032 0.209201623815194 0.418531270550448 0.409018297279074 0.240760896829667 0.078746891053139 0.00214870064533581 0.00778401302722048 0.0115652293898165 -9999 -9999 -9999 -9999 -9999 -9999 -9999 -9999 -9999 -9999 -9999 -9999 -9999 -9999 -9999 -9999 -9999 -9999 -9999
0.473660628298634 0.306784202698618 0.377725126728807 0.302942010452507 0.468132905027596 0.51843577507843 0.0890023018734063 0.00233456919043572 0.143681018668811 0.138197264117417 0.234516028194941 0.198873842408753 0.119967254642397 0.225892571414961 0.369618230835193 0.441210445016318 0.308156309919902 0.514100623611178 0.472429446670723 0.0344538969180976 0.0290036079387775 0.114386652883535 0.475803501563102 0.472431486098412 0.466576452351874 0.469612441062927 0.503514517972944 0.0960052259563041 0.0012420075000611 0.0045224415857562 1.27103148770402e-05 -9999 -9999 -9999 -9999 -9999 -9999 -9999 -9999 -9999 -9999 -9999 -9999 -9999 -9999 -9999 -9999 -9999 -9999
0.489161925226202 0.26958788510412 0.319004139702008 0.430772353294053 0.404796758125158 0.300059218027152 0.0173588268470844 0.0633675603437265 0.397503725820636 0.328352721908572 0.327339465984507 0.324495463818814 0.217737468950242 0.401891069175746 0.16344390100047 0.138222333081658 0.364785771041967 0.448199298391701 0.507476935711972 0.480040369933443 0.0763875117018274 0.0888845990135981 0.251380091638723 0.467232274748385 0.369873462000689 0.573052324504114 0.600316395312548 0.520783821509685 0.23706005723215 0.00231495716380065 0.00815883182419654 0.00767126949323233 0.00723231459657351 -9999 -9999 -9999 -9999 -9999 -9999 -9999 -9999 -9999 -9999 -9999 -9999 -9999 -9999 -9999 -9999
0.584486443400383 0.518708292418343 0.413738930101149 0.579062013415823 0.398719105112832 0.027998714401292 0.00526461343773411 0.146075439132663 0.392649743387312 0.350386131618555 0.277782542233606 0.320293535741505 0.411771363042353 0.511545148685418 0.24203783601182 0.211107017664342 0.334145557774356 0.479064158247784 0.539412135779858 0.478334047137723 0.363908167040458 0.0890347962747666 0.191609292987087 0.247058765687838 0.353954068236053 0.252160080019011 0.3612694013403 0.496066597951576 0.568168219830841 0.313968779110131 0.0677602975034602 0.00288564853695951 0.00191034576299435 0.00522707438620013 -9999 -9999 -9999 -9999 -9999 -9999 -9999 -9999 -9999 -9999 -9999 -9999 -9999 -9999 -9999
0.0510369199421257 0.47285075528853 0.340027804301784 0.483656873255968 0.232696070975253 0.02803139828534 0.0220176668164816 0.305427221728045 0.371648161751855 0.495384283568965 0.432515779932979 0.379440970309079 0.415270668007433 0.342011363154953 0.144687441123506 0.295220527946949 0.353455995957145 0.246219479135389 0.430510764003997 0.609548701028107 0.630153763443232 0.553981816756412 0.249861983019895 0.18689144303102 0.208841205661262 0.320525169358915 0.371445399522781 0.374993765056133 0.380070689693093 0.480172933340073 0.482800227175212 0.300206997926335 0.0810250133229177 0.0043610743058431 0.00416623657245351 -9999 -9999 -9999 -9999 -9999 -9999 -9999 0.00630879759167631 0.00419814739552749 0.00199952395632863 -9999 9.56619619074672e-06 0.000942010141443644 -9999
0.101010602442548 0.0916641458682716 0.374521185616031 0.421959890751168 0.221043159069447 0.00569632097806989 0.0396008809945194 0.41999966520787 0.42670937088199 0.473622576033231 0.376743109803647 0.400293552856967 0.538583204234019 0.650278824311681 0.26970490470412 0.247090038584071 0.559539370369166 0.372357390836499 0.442584914163378 0.30787132473165 0.45750677258301 0.641287580728531 0.655123882889748 0.555319118797779 0.476628052746211 0.349472993375971 0.331037418038949 0.138501797196572 0.0877869535752499 0.0772722591306207 0.335333192380105 0.343155151927501 0.310495662161656 0.0488545046091661 0.00221569249715744 0.00106656622129569 -9999 -9999 -9999 0.000513279009724803 0.00171389193761523 0.00264709624414723 0.00134818687876406 0.00132425579814734 0.00180680841712591 0.00349333179088799 0.00321116361937507 0.00110148651225266 0.000757781724658426
0.382652861887223 0.295102064957027 0.0433774617011659 0.198787849936634 0.123199817208874 0.00779723433979309 0.0574942470834979 0.389347543409045 0.481967407978543 0.53088002366625 0.452747489977628 0.32463852804745 0.434629091429524 0.514666454833132 0.313453069511593 0.29833409278553 0.57803987711668 0.472973725703328 0.519662138546318 0.264490847043457 0.330669017035348 0.394073648286903 0.450904478561829 0.446324994384507 0.668274773834273 0.747739959955215 0.64086563002047 0.401558753105601 0.0809749008234189 0.00275958660526853 0.185197097240501 0.490891050100327 0.41251343496781 0.0651508078362928 0.00628195258873752 0.00222940639951097 0.00534967007115483 0.000459188428496382 0.00200467323392094 0.00862811689078162 0.00902238308895215 0.0355105764370803 0.0446595464596762 0.0857786538634492 0.0542761457977187 0.0111662603141145 0.00828252944829452 0.0132966758752355 0.0067208982546128
0.467192313997783 0.293928298458178 0.31994032273069 0.161215185960755 0.0542967526009664 0.0286117108205934 0.16958112877728 0.211620673023722 0.525548242330551 0.582301667332649 0.592445178031921 0.464638316858209 0.447035812027752 0.325761864408851 0.540599673166871 0.296294646209572 0.474548904851033 0.437872699059481 0.4185023849246 0.50136425876447 0.184048396768749 0.38066974412046 0.537693163059885 0.533340046866357 0.654483205378056 0.649916647076607 0.739423244893551 0.628382151088244 0.0490671536794277 0.00167846710442973 0.0130481104574265 0.426401721815328 0.459694114267477 0.398427431517321 0.127418417064738 0.00230165436838056 0.00556889048537338 0.00409862715005682 0.0161794201068805 0.103795148530044 0.198000761929434 0.23900482035242 0.381446333602071 0.349225195348263 0.228692827225043 0.195873900976677 0.0813322884570978 0.13412724522507 0.0469406806673266
0.653059337846935 0.328505534839091 0.35183004161343 0.165891916044056 0.0239830157003598 0.0534082800162057 0.146752937505303 0.1663455431222 0.371152114989236 0.495958163440228 0.537297592628747 0.519202115231892 0.470739817023277 0.380556205157191 0.551663416065276 0.357252386976033 0.484437475949526 0.393651254747929 0.385140792257225 0.398864631185493 0.124246857687107 0.289530604939528 0.377119630365632 0.494082531444728 0.538757242038846 0.527567581981421 0.468075224494823 0.586465319823474 0.122904483801592 0.0027043746692345 0.00127672100510177 0.154163207224541 0.35304354744032 0.445061115506978 0.390868617176716 0.0369334590028142 0.00444369368948365 0.00163362571513294 0.00537613976044956 0.203512311561472 0.486000415086746 0.500877937674522 0.499651326835156 0.503347570002079 0.483774551451206 0.437874177247286 0.342997034760192 0.309110391136783 0.248175542131066
0.602679998651147 0.274998508358701 0.348190049769783 0.17324783421529 0.0319159858196072 0.0427024375739802 0.138144192540929 0.192234829571098 0.225976147944237 0.39961962275207 0.481639642445953 0.419844650411669 0.467060407698154 0.5361320489645 0.566983138024807 0.462437595278025 0.382461441607795 0.367740449898292 0.242065749676596 0.303908295159467 0.422503812293653 0.100838248978933 0.124409749227361 0.30625486733321 0.196588658898524 0.362081467831399 0.49767716191709 0.683440794050693 0.329718904143133 0.0631044950422986 0.00758202109733247 0.00686780944977748 0.124787241078158 0.40611244657129 0.427691616682569 0.187707534886939 0.0120711398622111 0.0022214821558791 0.0406793489406546 0.253715157806873 0.487438116967678 0.507924292087555 0.579656811058521 0.556395995467901 0.578590712249279 0.530589913874865 0.404805271730347 0.371203074185178 0.25432209718695
0.53198240429163 0.519559261798859 0.44629233785301 0.283195273987949 0.0984070005655619 0.00161624894477427 0.0778600231479504 0.165113884732127 0.108343471635571 0.294035387851695 0.524715751707554 0.474580654501915 0.47999127805233 0.510048236250877 0.507024011015892 0.433918110579252 0.335037757065147 0.304050933391951 0.426648440963927 0.45935253407979 0.563162050805986 0.544649440873368 0.478977685853897 0.582414926803301 0.680971207077383 0.641522859632969 0.678853583037853 0.640133221745491 0.549197762347758 0.294833441360014 0.0437186246195191 0.00190874858382667 0.00856986498882179 0.0925915457267762 0.223814504637799 0.0156785546416419 0.00635777298810529 0.0940670176990082 0.232556897029281 0.33806146777235 0.541623397171497 0.612454633563757 0.59377021074295 0.480674391239882 0.563718211650848 0.589596616923809 0.478450827849603 0.239433848263216 0.0230266542448531
0.614875707043902 0.437236359010974 0.448681093882769 0.28423244521173 0.122457909368669 0.00761988502345048 0.0123921023408184 0.107277680505504 0.0725271598342806 0.17695306166421 0.392794617209446 0.456428314335644 0.518070638477802 0.54754139393568 0.509510983526707 0.413518588803709 0.513548649591539 0.359154061017658 0.442673918157816 0.570402512848377 0.60836991161108 0.506486424708906 0.547960690918844 0.469067871219834 0.615650779542789 0.658604311943054 0.645931234359741 0.640722437035292 0.603029559047427 0.244732611497609 0.0314376632033853 0.0188813017781749 0.0353175455777203 0.0264825705627754 0.017971160383435 0.000823539253609038 0.0947550843429974 0.236711221447023 0.38188250459057 0.496659099012613 0.602059801220905 0.636418963670731 0.669881396889687 0.55064995855093 0.581001470386982 0.55489429457346 0.298246234856776 0.0649040273013048 0.0424180085025728
0.489274839127713 0.598443912539877 0.49119390818214 0.492798951269474 0.327608549998609 0.0710331908816111 0.0120640397240641 0.0409321808692766 0.0698685148311779 0.129255801608457 0.381363141015172 0.446043003946543 0.472540463507175 0.556343176960945 0.491680960357189 0.38584051232785 0.425103673326194 0.301187228257747 0.42930669054389 0.528481003940105 0.443338298946619 0.56806415528059 0.533337900344341 0.319341238526934 0.318351759417485 0.183868807950395 0.171410397633126 0.367812358167624 0.162873352637647 0.0520784635134742 0.0483702401804944 0.0394749788438077 0.407057808858899 0.0546103414041083 0.00645746059639955 0.024130808243815 0.129103100882221 0.473201346897921 0.41483789135702 0.490630816780031 0.554817507136613 0.524416176974773 0.549271089592949 0.601037848889828 0.473645791672115 0.170704791705244 0.127537311365151 0.126788556277752 0.148995522439945
0.632191063463688 0.545435293048617 0.630455814301968 0.662694036960602 0.600057554766536 0.231317653713217 0.0948735182307803 0.00618690095405327 0.0170174209660036 0.0939316303350714 0.296212625696789 0.384365620027933 0.415448084757768 0.554751225858927 0.457244188003242 0.111210181936622 0.342298268573304 0.351019012039725 0.451403935855487 0.369320564522423 0.418783205541717 0.587023226134479 0.629862224459648 0.468003193821068 0.268619819879306 0.265794862196618 0.358663279455747 0.140613701346579 0.0633559928862778 0.0163816021850609 0.0646888989138677 0.0293014043343267 0.0332182796688953 0.063882455679 0.0371088702029381 0.0135340744800738 0.0902448587417046 0.095673007290352 0.120584587116609 0.106665860462999 0.152575637870468 0.0891272794931115 0.079833596373528 0.127408449691578 0.148277284783777 0.173340502455831 0.184525844787349 0.219188458573174 0.35749315527474
0.565580181885191 0.590690489411354 0.554098061025143 0.627326817512512 0.464704372532835 0.433231483274763 0.233243141176816 0.090858620996641 0.00106696031143656 0.0377283924523837 0.160305174417544 0.343245925928677 0.385575308544912 0.340909914912788 0.3096822501719 0.333079622113364 0.37590688965242 0.348740128789879 0.515861861426573 0.435325478339833 0.462323307586005 0.424956090041752 0.373483494091695 0.349298908624652 0.430664345310445 0.738239546045661 0.757687449529767 0.373057495488588 0.0513428936547167 0.131696950408532 0.256459258946832 0.155841363459365 0.0215152825961497 0.121043230446596 0.131139647017063 0.075730741961969 0.1299655576644 0.129515919461846 0.144121000831947 0.173838427183218 0.16887392795663 0.144978799851601 0.192032662403905 0.235200225370936 0.249383845515549 0.190662380843067 0.435954484337562 0.406619717497379 0.158261480182409
0.485854614558827 0.453942959078122 0.520143415629864 0.388755063199489 0.384868830003339 0.532780494689941 0.436994156204164 0.254825239505808 0.0325803832727252 0.00931584618236229 0.072220183200847 0.266137787513435 0.345047472175211 0.313299469389021 0.20920649792999 0.343480969725019 0.434002967546288 0.229191449319876 0.422157380933157 0.380278551417996 0.507713284865022 0.472317163310945 0.576695691645145 0.626020005196333 0.68848645478487 0.646893416323292 0.69297374105081 0.122875204726717 0.0910813908898266 0.39128812789232 0.575194754973054 0.701934326523915 0.696248488577548 0.551972802182581 0.0901921383265273 0.14958138490269 0.213373533575796 0.179132225978827 0.140471230446926 0.15245185930365 0.351717799510662 0.417398847488924 0.34701952550746 0.175789711439084 0.196889089867168 0.223403676102884 0.276085134342107 0.201910838725315 0.220150728905629
0.586274084448814 0.471532999364135 0.34574664662127 0.257461983066174 0.435206503349716 0.558327671113366 0.517652505040169 0.329500383741688 0.0623775887669763 0.0189934922533575 0.0647820894892287 0.196461587771773 0.349427042901516 0.471883199708536 0.36476365705952 0.449263084436457 0.471419624636702 0.266043389756232 0.330402122391388 0.473087312849238 0.478057812865893 0.531844669700586 0.552276114523411 0.62923545897007 0.712701340317726 0.696360112130642 0.500541134977221 0.106648971509313 0.22642204936223 0.667914719581604 0.614506077766418 0.565695902258392 0.418334057093698 0.14371647257499 0.169266574025257 0.196041251907936 0.618478016876239 0.706767597198486 0.657265790123738 0.576192692719511 0.68329525411129 0.586238738410175 0.532646011742606 0.23368283179974 0.169574610015058 0.492504287704195 0.509865901321173 0.474180898368359 0.25639210416472
0.599729929715395 0.651640144281555 0.566629141289741 0.515599029496698 0.473333230802648 0.50463858269155 0.554116231799126 0.301811458025818 0.154328509089537 0.0855981076812705 0.0747287151985802 0.174330889992416 0.359959341883659 0.532306492030621 0.4165790669946 0.555122690151474 0.372856647883046 0.50316700538715 0.506752390787005 0.572860752940178 0.558687624928184 0.578465035557747 0.635223237276077 0.686657700538635 0.727237094640732 0.589393244689116 0.108436329433359 0.107541449627539 0.53087027895071 0.620788422226906 0.656110056042671 0.378183001429584 0.16173205934389 0.303167015302785 0.458070294272907 0.20494905882563 0.250769192543073 0.423908811076634 0.603067306494922 0.502164748907089 0.470558969378471 0.403698114976287 0.323339143721387 0.249894601466754 0.368683132078429 0.508224139492959 0.427738677710295 0.46639741063118 0.440597317377105
0.649387545511418 0.704992286860943 0.50971171573321 0.521828589588404 0.556376189100556 0.680503189265728 0.646354609429836 0.378386781489629 0.147438552419189 0.102332834512927 0.038788505224511 0.0872995298225505 0.297443660199642 0.494558634459972 0.40021796650701 0.34627823278713 0.415463154228855 0.583526158049935 0.593917088210583 0.398100199630673 0.51460425272584 0.586182212233543 0.642151417136192 0.684063672125339 0.615728232958038 0.127779914504818 0.15626680138647 0.215248180619595 0.632114130556583 0.63012693464756 0.453855689218827 0.172045689306177 0.161538715339793 0.638706936309787 0.709979316592216 0.575272550918143 0.431295954466304 0.363114819719708 0.460993212461472 0.527055425047875 0.431369118560106 0.218572384092897 0.257256527600931 0.444114628769457 0.476071521217359 0.537171804346144 0.461676570698619 0.41009502440691 0.368788770604879
