data/mov_prob_200.asc
NCOLS 586 
NROWS 434 
XLLCORNER 110250 
YLLCORNER 6895950 
CELLSIZE 200 
NODATA_value -9999 
[rows 154 to 175 of 434, columns 350 to 399 of 586]
0.59112137556076 0.562210828065872 0.535209938883781 0.526432409882545 0.568915665149689 0.616591095924377 0.600631177425385 0.55679988861084 0.54280911386013 0.658567160367966 0.484597124159336 0.576309524476528 0.608931362628937 0.199683487415314 0.0755776967853308 0.196630472317338 0.505787864327431 0.51487471954897 0.74323858320713 0.796465620398521 0.787907540798187 0.856307342648506 0.783452793955803 0.806860327720642 0.825204491615295 0.776379376649857 0.824305206537247 0.781160593032837 0.783809170126915 0.642981678247452 0.686251580715179 0.750101312994957 0.355522080448623 0.4298280403018 0.469068229198456 0.27632397506386 0.0133693455528322 0.00126425252481369 0.0601361020817421 0.0652108893773402 0.0271892356686294 0.00228014537424315 0.000352627446773113 0.0006160564316815 0.00544364875531755 0.00408733911172021 0.00720826092856441 0.0363223193919152 0.271845049690455 0.518414363265038
0.538754016160965 0.552425250411034 0.53904190659523 0.545165985822678 0.548410162329674 0.402912884950638 0.418394219130278 0.418032459914684 0.513126261532307 0.345140390098095 0.249563162282993 0.249747435840231 0.309296311767559 0.261348027744437 0.0909843792790676 0.270607964931754 0.234257452189922 0.366776226088405 0.692732453346252 0.79833647608757 0.830300778150558 0.730827167630196 0.756258070468903 0.80946858227253 0.784524455666542 0.778816491365433 0.707869291305542 0.804716870188713 0.780072197318077 0.525177232921124 0.582573771476746 0.779509827494621 0.750654891133308 0.7550980001688 0.628615126013756 0.379360605031252 0.0850711905424646 0.0529191992827691 0.0548898008673859 0.0623554317389221 0.0230651730671525 0.00140404557168949 5.56110550178346e-05 3.6527349948301e-05 0.000465545595943695 0.0132787813345203 0.0100645727857342 0.0265822481928808 0.186845420990721 0.446837171912193
0.465709134936333 0.503666065633297 0.531016767024994 0.515614330768585 0.424270175397396 0.183393258601427 0.15660796687007 0.504969730973244 0.640876278281212 0.466217681765556 0.613670945167542 0.579349398612976 0.593089327216148 0.510141618549824 0.379051353782415 0.543898716568947 0.713278546929359 0.690936163067818 0.673576131463051 0.751959010958672 0.728996559977531 0.783726200461388 0.660280838608742 0.696344420313835 0.803089186549187 0.79610550403595 0.728891059756279 0.791781097650528 0.65561044216156 0.614118039608002 0.510639861691743 0.311057468834861 0.195708384848331 0.711230725049973 0.52143207937479 0.152679948543664 0.232565516605973 0.250660840421915 0.168530203402042 0.108330765739083 0.0259526671143249 0.00285951339174062 0.00010090194609802 1.1695383705046e-05 0.000394587175833294 0.0076170569518581 0.0112723124186036 0.00501036367353436 0.109342039213516 0.346123516559601
0.199364773929119 0.307655971497297 0.505851037800312 0.549333833158016 0.34207390807569 0.119441518051644 0.239764280151576 0.570466235280037 0.729096829891205 0.621552720665932 0.601824074983597 0.573855951428413 0.61275689303875 0.406098935753107 0.392803989350796 0.615396820008755 0.670501038432121 0.630427792668343 0.557029418647289 0.670683905482292 0.759336829185486 0.709163084626198 0.601045876741409 0.711021706461906 0.810985088348389 0.809177026152611 0.763641223311424 0.749233588576317 0.620350629091263 0.764854267239571 0.490726117814992 0.577774561941624 0.818630084395409 0.406420338782482 0.0178721525007859 0.0734139517447261 0.229171758517623 0.164466682821512 0.0882996115833521 0.0872473907656968 0.0463572628796101 0.00407259401981719 0.00025784426361497 6.9289934799599e-05 0.000345116455719108 0.00365643762052059 0.00692935637198389 5.47163955831875e-05 0.0417271665064618 0.151370845735073
0.191808626055717 0.278820339590311 0.394780620932579 0.238124404655537 0.396410552784801 0.559714786708355 0.468477599322796 0.345700685225893 0.548178359866142 0.548097275197506 0.590780884027481 0.392835363745689 0.215903993695974 0.171426724642515 0.191868908703327 0.551085162907839 0.715577498078346 0.674760967493057 0.705331370234489 0.761756181716919 0.658523947000504 0.503285355865955 0.681690871715546 0.759729132056236 0.789490029215813 0.769742384552956 0.744487777352333 0.565699994564056 0.520393006503582 0.380139914010215 0.504028077237308 0.783650472760201 0.743491888046265 0.6270746961236 0.248257875664649 1.11140522312969e-06 0.058735746774158 0.174568786285818 0.164250515401363 0.0661297853221186 0.0502734244801104 0.0051509034819901 0.000684367012581788 0.000330603099428117 0.00026481111672183 0.00146873455378227 0.00256023838301189 0.00706829940996496 0.00406567528983391 0.00446619438572383
0.16100640018912 0.259216833859682 0.164952252060175 0.357652679085732 0.251432174816728 0.450693517923355 0.54831038415432 0.247639135215167 0.0322696708141756 0.23236783910096 0.308629013132304 0.348624181002378 0.333917126059532 0.385570364072919 0.58457412570715 0.658467635512352 0.746221944689751 0.773156449198723 0.704802125692368 0.690380245447159 0.644733622670174 0.215330882696435 0.646790191531181 0.765868738293648 0.76177604496479 0.774994775652885 0.781410232186317 0.730492115020752 0.731900170445442 0.630752749741077 0.803296476602554 0.813091799616814 0.785477623343468 0.681618809700012 0.730488643050194 0.205732872593217 0.000164807685905639 0.101890389980326 0.151510454714298 0.0947821168228984 0.0513762030750513 0.023028758354485 0.00532030139584094 0.00105680894921534 0.000152740698467824 0.000246892444920377 0.00234853083384223 0.00787476688856577 9.44926435852979e-05 3.95551608197461e-14
0.382387727499008 0.247910131700337 0.128648626618087 0.0499532189313108 0.127021019987296 0.587598010897636 0.395775105804205 0.639551982283592 0.699692264199257 0.610533684492111 0.509134188294411 0.55350723862648 0.59980147331953 0.387220352888107 0.500518515706062 0.52436076849699 0.573000758886337 0.671797320246696 0.621821045875549 0.606993570923805 0.677553489804268 0.433740302920341 0.624525398015976 0.753766402602196 0.744900435209274 0.713817819952965 0.743475794792175 0.630679979920387 0.741983711719513 0.750087231397629 0.783013105392456 0.830767720937729 0.736256450414658 0.760755300521851 0.720216363668442 0.564377717673779 0.013767416554856 0.00113430698733907 0.0626447614777135 0.072630194015801 0.0595735404640436 0.0235287374816835 0.00284214434213936 0.000415774069551844 0.000135881908136071 0.000209291327337269 0.001749562099576 0.0105314496322535 0.0084163456922397 3.83694135822413e-05
0.00526220869134741 0.0790648036510893 0.156815915198067 0.35296405851841 0.581316165626049 0.623345106840134 0.698056757450104 0.704417020082474 0.639422118663788 0.588697880506516 0.714513063430786 0.584546387195587 0.46948528662324 0.557876408100128 0.72799426317215 0.589800298213959 0.532001756131649 0.5928725451231 0.665571093559265 0.615559116005898 0.771071031689644 0.516783356666565 0.489598304033279 0.674445308744907 0.703608468174934 0.492536976933479 0.633704975247383 0.739865481853485 0.743893176317215 0.811443656682968 0.77174274623394 0.772439390420914 0.773380056023598 0.764171257615089 0.694854870438576 0.666341781616211 0.317820277065039 0.0298988825659698 0.0556494526945031 0.0470577036030591 0.0566424671560526 0.0174555624835193 0.00124115600192454 0.00050420642219251 0.000261536903963133 0.000167133803188335 0.00126093039580155 0.00617444823728874 0.0031508359243162 0.000380521044610102
0.430546641913679 0.341346306726336 0.571103073656559 0.67626790702343 0.590233139693737 0.685300335288048 0.692959785461426 0.453650033101439 0.185903433710337 0.501658850349486 0.614769130945206 0.644085705280304 0.537931069731712 0.623924434185028 0.635824412107468 0.370044898241758 0.340074826031923 0.595829956233501 0.741713240742683 0.773123756051064 0.719607472419739 0.591494187712669 0.564079686999321 0.715638116002083 0.686414510011673 0.628888010978699 0.639965765178204 0.738308161497116 0.752361938357353 0.776120245456696 0.738489493727684 0.7548468708992 0.798052564263344 0.751783788204193 0.720839038491249 0.65534108877182 0.286098700016737 0.0602704376651673 0.0327204136774526 0.0791624374687672 0.0599655043333769 0.0245021099690348 0.00407139290473424 0.00096427442622371 0.000323788513924228 9.99506341941014e-05 0.000428498737164773 0.00260467219050042 0.00506428102380596 0.000103807403782361
0.0138643717946252 0.212123781442642 0.218540111556649 0.458213932812214 0.490399114787579 0.653706237673759 0.493016809225082 0.276138640387217 0.482485748827457 0.566382236778736 0.491298720240593 0.488858230412006 0.646472975611687 0.660254374146461 0.614744752645493 0.532077208161354 0.331531803447351 0.643289774656296 0.718254879117012 0.741580843925476 0.705721288919449 0.6387759745121 0.597365505993366 0.670844703912735 0.685698941349983 0.693843051791191 0.682954505085945 0.715800225734711 0.728391841053963 0.742208108305931 0.725951731204987 0.759798914194107 0.766795217990875 0.763611406087875 0.73300988972187 0.600310325622559 0.421462893486023 0.0442059909619275 0.0360043438640787 0.0377585825044662 0.0817472944036126 0.038600611500442 0.0093210453633219 0.000908563059056178 0.000144415364047745 7.31443360564299e-05 0.000234899547649547 0.00123746925237356 0.00325484972563572 0.000885781228515903
0.240763681009412 0.298758156597614 0.138494559563696 0.0214542907983812 5.85487452537955e-05 0.00362823822878238 0.121873532625614 0.392132605426013 0.558519825339317 0.522611871361732 0.496094681322575 0.523723535239697 0.602268382906914 0.591620549559593 0.624176144599915 0.421515488327714 0.338979970416403 0.584796845912933 0.685678854584694 0.689047694206238 0.726218149065971 0.633184343576431 0.667597994208336 0.621096797287464 0.641373381018639 0.593710064888 0.58406525850296 0.598869226872921 0.698707029223442 0.715494558215141 0.743380382657051 0.720936194062233 0.734403654932976 0.685304537415504 0.73575259745121 0.639345586299896 0.405500996857882 0.000618672790778874 0.0760422768071294 0.105115902610123 0.0803022142499685 0.0434464402496815 0.0148725823964924 0.00144557762541808 0.000146414638948045 3.89286828976765e-05 0.000100584106803581 0.000337836314429296 0.00212247634772211 0.00133202712513025
0.0817013392224908 0.117650758475065 0.190025502815843 0.229203277733177 0.499670758843422 0.507823102176189 0.520680375397205 0.553993865847588 0.556297227740288 0.539400115609169 0.406588181853294 0.506718322634697 0.600528135895729 0.604848280549049 0.675265811383724 0.348317849449813 0.43788942322135 0.652046158909798 0.635420426726341 0.630822271108627 0.583420529961586 0.641616344451904 0.636161267757416 0.655564516782761 0.628879934549332 0.391645014286041 0.221826627850533 0.213669996708632 0.367072381079197 0.573017001152039 0.687619045376778 0.684664309024811 0.694630354642868 0.675146996974945 0.654875606298447 0.548686876893044 0.414381191134453 0.070577557082288 0.169008875265718 0.138300800696015 0.0604113005101681 0.0371026010252535 0.0171145424246788 0.00289760455780197 9.81622897597845e-05 1.22651055107781e-05 2.22978530928231e-05 7.50110198168841e-05 0.00101689191069454 0.00195917916425969
0.0270016589201987 0.0374652040190995 0.0965146729722619 0.417381189763546 0.517579264938831 0.541375651955605 0.649008572101593 0.601884260773659 0.516862101852894 0.357932880520821 0.273158184601925 0.27844063565135 0.382584102451801 0.664401039481163 0.68207673728466 0.576762326061726 0.518908448517323 0.631907880306244 0.617197766900063 0.557850316166878 0.498388193547726 0.55267122387886 0.633143872022629 0.613238126039505 0.602888479828835 0.489573925733566 0.418503105640411 0.169112831354141 0.0845730621367693 0.362977832555771 0.660659968852997 0.678270250558853 0.648915976285934 0.649898812174797 0.591885909438133 0.591633498668671 0.500380136072636 0.348027797415853 0.134176656603813 0.11124575138092 0.0920513924211264 0.0417809137143195 0.0144417703850195 0.00179075847700005 3.4606335020726e-05 2.65800352394763e-06 2.93929878125709e-06 1.39245847776692e-05 0.000427439561462961 0.000599222163145896
0.0538275586441159 0.0334289385937154 0.0332872057333589 0.126027170568705 0.373876543715596 0.369962758338374 0.262089652940631 0.293357235379517 0.30754715949297 0.551844112575054 0.364505756646395 0.306666929274797 0.360273826867342 0.560356438159943 0.595433607697487 0.565755344927311 0.621422529220581 0.615294739603996 0.636771351099014 0.640177503228188 0.545050047338009 0.617981716990471 0.622692584991455 0.582354791462421 0.599836871027946 0.491744451224804 0.287988808006048 0.248573690652847 0.339378077536821 0.45719476044178 0.411826524883509 0.524592861533165 0.586044281721115 0.584777966141701 0.555325865745544 0.495344199240208 0.303024295251817 0.233155718073249 0.0236797258413576 0.0753856835071929 0.106972055509686 0.0465342728421092 0.00609412603080273 0.000879735209309729 1.18931508268361e-05 7.87521756251408e-07 7.36285549862714e-07 6.59365002775303e-06 0.000174289173628495 0.00112106163578574
0.0268244092690111 0.0590968905016784 0.0623322920873761 0.0685527066234499 0.20964962169819 0.320440316572785 0.455462697893381 0.52821658551693 0.302100270986557 0.244994753971696 0.255761528387666 0.348937392234802 0.367968894541264 0.39289990067482 0.312082089483738 0.484978504478931 0.483004495501518 0.408872619271278 0.457270175218582 0.644749909639359 0.536700688302517 0.597706839442253 0.610400348901749 0.646357417106628 0.566369488835335 0.400895714759827 0.517580896615982 0.564318753778934 0.579816877841949 0.497311688959599 0.639759987592697 0.570934057235718 0.568784840404987 0.602252185344696 0.597869530320168 0.586892202496529 0.545631662011147 0.435666970908642 0.269871704280376 0.0161120350474521 0.0391702547203749 0.0357814831659198 0.00785569776780903 0.000470952572868555 7.30102220813933e-06 4.14192680153747e-07 2.82925771699638e-07 4.99648950835763e-06 7.93720628280425e-05 0.000631753988272976
0.440536722540855 0.120570208877325 0.0325671726686778 0.167425451802634 0.109394637867808 0.215593995526433 0.262340530753136 0.279500400647521 0.22664525732398 0.169930070638657 0.340506721287966 0.31620080769062 0.238156091421843 0.381937708705664 0.463896229863167 0.566768147051334 0.465547323226929 0.13278794195503 0.161956327967346 0.517497383058071 0.411670953035355 0.543101742863655 0.527867384254932 0.502056986093521 0.430048651993275 0.503509826958179 0.608060456812382 0.33115789243675 0.500138610135764 0.673473432660103 0.54772786796093 0.334038849920034 0.676113039255142 0.679637685418129 0.6476970911026 0.684666842222214 0.57713595032692 0.366670624352992 0.099498184472864 0.00360484875636757 0.0224108542861359 0.0954140331596136 0.0150317349471152 0.000776804669867764 5.70470022012159e-05 2.45304364199228e-06 1.79565826385897e-06 9.99216655372948e-06 6.30860990895599e-05 0.000677842981531285
0.367609919980168 0.333664497360587 0.248152755200863 0.0558838397265295 0.0477595973306961 0.0313532883301377 0.0283990055322647 0.0291352393105626 0.0290485797449946 0.0879303263500333 0.393158685415983 0.617186225950718 0.543897703289986 0.619123339653015 0.605821877717972 0.485491901636124 0.152619364671409 0.0259091570042074 0.0391997541300952 0.247703915461898 0.409059066325426 0.530104227364063 0.574108347296715 0.424726530909538 0.44012963026762 0.644372925162315 0.651873856782913 0.653830513358116 0.703374356031418 0.613469943404198 0.607303455471992 0.474366329610348 0.722086384892464 0.685540169477463 0.724617555737495 0.585662387311459 0.547231405973434 0.589860863983631 0.387589316815138 0.066275231978139 0.0277701305158005 0.167392704635859 0.0758739085868001 0.00694620335707441 0.0010126811093869 0.000177472750237939 0.000109443811197707 0.000174622395206825 0.000669607859890675 0.00207228839281015
0.490118503570557 0.360043586231768 0.301149753853679 0.00125056244629818 0.0560242333449423 0.0214082156307995 0.020999567117542 0.0209483318030834 0.0209205225110054 0.050899660680443 0.216399462893605 0.383021244779229 0.478115931153297 0.547940857708454 0.588481694459915 0.435704946517944 0.138101756572723 0.0320617444813251 0.0404229629784822 0.270751483738422 0.42197085916996 0.438772149384022 0.420258425176144 0.53332594037056 0.592178851366043 0.548531845211983 0.577315539121628 0.597298711538315 0.612575821578503 0.64723365008831 0.731364667415619 0.692771181464195 0.75718280673027 0.745624393224716 0.722768291831017 0.742129042744637 0.747405409812927 0.731939479708672 0.590838402509689 0.11696867243154 1.57712561259528e-05 0.242339417338371 0.176646448671818 0.0432541039772332 0.018522166647017 0.00618748352280818 0.00281429279129952 0.00244068453321233 0.00142852528006188 0.00233554648184509
0.524086624383926 0.547811269760132 0.358999785967171 2.4254172944424e-06 0.0835293596610427 0.0207391395233572 0.0207315138541162 0.0206836671568453 0.0212771310470998 0.0289328908547759 0.0386540563777089 0.0695497458800673 0.317164894193411 0.319507538923062 0.470152951776981 0.464416913688183 0.213929433375597 0.185209035873413 0.167407985776663 0.215891700237989 0.201295616105199 0.247806394472718 0.322577372193336 0.31420661881566 0.404836855828762 0.43372467905283 0.550653740763664 0.606638923287392 0.533011749386787 0.393372632563114 0.553157597780228 0.728549465537071 0.720752939581871 0.630715817213058 0.708082646131516 0.679926514625549 0.712133541703224 0.694985195994377 0.576522804796696 0.478766723954436 0.000147816406085193 0.0793158118867723 0.170280402526259 0.0918058548122644 0.0478291269391775 0.018873397493735 0.0184945771470666 0.0099804246565327 0.00420359801501036 0.00177314330358058
0.383567295968533 0.581594854593277 0.311469306237996 5.22029295214198e-05 0.0758773433044553 0.0319367959164083 0.0231981026008725 0.0230620549991727 0.0471833306364715 0.0571350841782987 0.0628908244689228 0.0742697530731675 0.0665893580880947 0.275466606020927 0.169244473800063 0.131446446153859 0.00393341714524791 1.89832038977047e-10 8.1157310201291e-22 0.00217125261372075 3.28108817484495e-05 0.000110516145470605 0.00795779894963499 0.00714577724282434 0.00603557282049152 0.00909038551633684 0.109354338026606 0.22436379827559 0.271965160965919 0.128213396295905 0.245462821796536 0.573585867881775 0.690765172243118 0.624747484922409 0.668939664959908 0.721781075000763 0.70581316947937 0.674930840730667 0.624360457062721 0.498886987566948 0.253930839855457 0.0377128361724317 0.0173981224215822 0.0747519824653864 0.0990185961127281 0.0804338827729225 0.0568304741755128 0.0213505905121565 0.00911309057846665 0.00259061937686056
0.574814163148403 0.636425688862801 0.502584904432297 0.125742882490164 0.0233470983803272 0.0699280253194274 0.0604365199251333 0.0583190067191026 0.0957241505384445 0.197888662813966 0.362582497298717 0.103442595201614 0.122236310509197 0.10343581577763 0.172320100944489 0.132994862320786 0.0982331872318853 0.379733066773042 0.565065935254097 0.338731348514557 0.154904283815995 0.000401205770742763 0.144525678828359 0.330320417881012 0.309345447204961 0.400109946727753 0.295330174267292 0.261841043829918 0.331830132752657 0.331575691699982 0.369624339044094 0.555147796869278 0.569649174809456 0.686958029866219 0.693590387701988 0.663226321339607 0.6286900639534 0.52562565356493 0.377008933573961 0.117892246693373 0.101729865884408 0.280165598262101 0.147145893424754 0.198770623654127 0.0784994633868337 0.070332070463337 0.0756037030369043 0.0490565896034241 0.0150126335211098 0.0045492271456169
0.581934347748756 0.617202699184418 0.626642540097237 0.541321754455566 0.258458874552161 4.32485091153012e-05 0.000865341140951159 0.0862233670559363 0.273813461884856 0.272768322378397 0.135225994512439 0.279942397202831 0.577103987336159 0.465953208506107 0.24603306374047 0.0147749112360742 0.186268102377653 0.380311762914062 0.593009971082211 0.679732590913773 0.720560252666473 0.670391008257866 0.626218169927597 0.671791881322861 0.630732074379921 0.591193124651909 0.572570435702801 0.542166978120804 0.590358033776283 0.574142761528492 0.651609629392624 0.667762458324432 0.674241811037064 0.687830656766891 0.662946119904518 0.648656249046326 0.539656236767769 0.536844953894615 0.356145290657878 0.391199350357056 0.381553880870342 0.344823434948921 0.222694391733967 0.251248884946108 0.139508084704175 0.056646367884241 0.0355227614054456 0.0589119540527463 0.0219578699907288 0.0250962090212852
