data/mov_prob_1000.asc
NCOLS 117 
NROWS 87 
XLLCORNER 110650 
YLLCORNER 6895750 
CELLSIZE 1000 
NODATA_value -9999 
[rows 44 to 65 of 87, columns 49 to 97 of 117]
0.538680055150274 0.69258521451382 0.630448840852314 0.547849871076751 0.522273991091643 0.64165489828576 0.623291327208281 0.488607955425978 0.100867772995844 0.00674243785673752 0.000602443221505382 0.0641082746030062 0.270698279291391 0.458585491031408 0.488973081427743 0.47681908515282 0.452457372918725 0.528820164485369 0.370923437601591 0.405581939947826 0.572358601093292 0.638377650976181 0.649746646881104 0.718195307254791 0.359143975178073 0.141291734756847 0.127284606588077 0.508614885286818 0.699322422146797 0.542382246587852 0.363041425164031 0.310347082242146 0.144338158255909 0.520564620655266 0.66532586991787 0.450944290467028 0.309983290426026 0.297066009156406 0.39251934800297 0.582481414526701 0.648548046350479 0.471989776466653 0.469474543584734 0.50526861501392 0.539836560450494 0.471998154986506 0.451118689775467 0.445217880010605 0.449968376606703
0.398631315024104 0.365492310784728 0.540940646530324 0.557460111125201 0.514921954274178 0.353160524392895 0.356960726678371 0.289723001867533 0.181593874488026 0.0550325257424265 0.0172422884550178 0.0735952758867961 0.25737744346261 0.445648676753044 0.569179292619228 0.576181745566428 0.587973169088364 0.541062587574124 0.53777447411073 0.571144644618034 0.530066088736057 0.639508345723152 0.694828426726162 0.483885179792525 0.201962715965344 0.179862094409533 0.410798465289135 0.676432832032442 0.639118475914002 0.508197213743559 0.464530497042579 0.338809330918071 0.171183268433953 0.278864825248224 0.696030640900135 0.667028066562958 0.282587036166672 0.295254803774878 0.0997239526975907 0.510878447729633 0.579841893017292 0.579237949997187 0.497848923697602 0.464682313799858 0.40299638650647 0.457434213794768 0.458309487998486 0.500437234938145 0.659366765469313
0.137231652060948 0.237917097448106 0.346606730258426 0.375453984687115 0.280325686767246 0.223003373522715 0.0949355480970553 0.042384915414732 0.123077593857888 0.149068339560181 0.0461966624201887 0.101967788981274 0.267999322161195 0.414773776224738 0.486344154775143 0.625470413565636 0.663635272979736 0.550998385250568 0.603889283388853 0.536916312724352 0.380768269188702 0.560097071090022 0.355596098225995 0.247753126966097 0.167960121184862 0.229937455018792 0.253535388525875 0.463915888676601 0.668085496425629 0.68582449734211 0.585382878258824 0.399170024582998 0.210432458784787 0.140960660981329 0.692921842157376 0.665366343855858 0.510513424570977 0.181901633799477 0.05178104053432 0.220257768043752 0.294655110128328 0.45839601457119 0.404985798969865 0.448163346741349 0.290751891782021 0.520697403997183 0.522425461318344 0.574526152014732 0.555406618509442
0.172466661979924 0.215540804564953 0.194974683646843 0.156620178484177 0.203527338004205 0.231872821739526 0.115707817071234 0.00166398211586056 0.00853823089360958 0.120019050063565 0.107288240604103 0.175989801306278 0.262010069651426 0.463833238341606 0.454320892170072 0.625028239786625 0.684260900318623 0.60193776935339 0.653410800397396 0.493800546079874 0.607773084044457 0.515952368078578 0.465645089015874 0.596698685242626 0.539427140395319 0.094532779237911 0.12951481909002 0.163765176057127 0.592268689108515 0.667563914656639 0.516617268994451 0.369282190822433 0.476323324073452 0.46356752098971 0.467930354752217 0.485832042768598 0.681521989107132 0.627309629147348 0.436221638868337 0.280407604390036 0.178139207894274 0.366251366846263 0.452876760661602 0.384205300007325 0.338902694247663 0.475257806628943 0.560607893131673 0.536300915785923 0.432519874650188
0.315663374466259 0.244696660408226 0.260837319840211 0.33120923563838 0.375347630027682 0.458033135340485 0.384353838786483 0.147729586996138 0.00400375172263011 0.00390769293298945 0.103066712198779 0.244938925951719 0.354567863343005 0.613281302452087 0.578982194960117 0.645393594503403 0.705343854543903 0.676814596056938 0.610826902091503 0.563021584153175 0.574465257823467 0.511201203195378 0.41464788282092 0.660565654449165 0.52098664303287 0.242768963443874 0.17917851102076 0.131638352492617 0.160437857463615 0.696309594511986 0.416881235866495 0.386397580429912 0.479671097188257 0.659923685789108 0.53791170746088 0.575961109697819 0.507173468619585 0.49013127126731 0.4325301935071 0.380220384653658 0.199890235494822 0.18300386749208 0.359609202966094 0.512919827848673 0.577756561934948 0.560023076087236 0.470667432255577 0.528378344038501 0.541489991266426
0.495498530566692 0.548273621499538 0.541701930463314 0.556456985957921 0.586079532951117 0.622027897238731 0.614225287437439 0.534604488164186 0.258570561106317 0.00635966048808768 0.0121332878177054 0.317339542340487 0.444328993097297 0.563870524764061 0.539340771138668 0.565242640525103 0.609708296060562 0.643453668057919 0.608262166380882 0.561892692297697 0.622274434864521 0.488472366903824 0.666129239797592 0.570377166797323 0.495182162970304 0.288543718147975 0.687811773974381 0.353529402677497 0.0793422705234001 0.658145669996738 0.441805297861731 0.383550588403866 0.363471553735435 0.571909323260188 0.63077824473381 0.523136160075665 0.478884195797145 0.473950338661671 0.482631222079635 0.42177241191268 0.410762427064183 0.54173092186451 0.404689730107784 0.581635814607143 0.595771225622593 0.519246864914894 0.480011913645587 0.555906607070216 0.669406055526779
0.489529556985945 0.473769408948719 0.598890762999654 0.605130451023579 0.640175252556801 0.641522741615772 0.635816241800785 0.625440137088299 0.367146406468214 0.186214423971251 0.00569381905719638 0.216065995879471 0.462422392368317 0.482592498809099 0.424544409891075 0.488787405499843 0.493732027158959 0.512049065881874 0.470007430292864 0.330135763985107 0.336018565969867 0.408034383505583 0.529473763983697 0.645775328874588 0.304639509766608 0.166080408469792 0.683096236363053 0.467458545125507 0.095401811652801 0.431853926334135 0.645089556129339 0.432487192179647 0.111158104762435 0.474652806641534 0.624917877912521 0.530699677020311 0.402032785713673 0.51046546921134 0.526059426665306 0.480442656576633 0.439480571597815 0.469319545030594 0.520013660937548 0.508459175098687 0.562849904000759 0.535136920213699 0.587196442624716 0.695569347143173 0.640666160229594
0.599185634553432 0.507929708361626 0.552800414292215 0.636032849252224 0.575792235583067 0.635344806540288 0.677793634906411 0.686074318885803 0.620513279665704 0.281192125665536 0.0234816548785705 0.0162830432271585 0.383521773731336 0.350675748270005 0.429035713058547 0.537054008897394 0.581018042266369 0.448862743075156 0.369144606948248 0.719662185311317 0.432168796624858 0.248159288112531 0.406051803892922 0.658148721158505 0.471015164852915 0.0678978702990925 0.4652563949056 0.381104008187789 0.210267125880158 0.458792518996634 0.571383380831271 0.488309613593203 0.387376482667603 0.406894165800186 0.613055732250214 0.620074392110109 0.44969290742026 0.479434648156166 0.566111768186092 0.483236367404461 0.482093271538615 0.283209874052554 0.517609352916479 0.645022268891335 0.555033573806286 0.606776344776154 0.680857348442078 0.715824469923973 0.74232991039753
0.586202256083488 0.618600879311562 0.636113658249378 0.616460678627627 0.501822845116258 0.504640144644052 0.686113866120577 0.653365431949496 0.588357758395432 0.299072003250139 0.123055885341457 0.00583154371008277 0.126817472078837 0.408819489123458 0.437265652238875 0.568412687573582 0.522487880140543 0.575296450257301 0.577767488379031 0.605809018195432 0.497391879299449 0.309097492602512 0.44020435589768 0.565627515017986 0.64632990732789 0.238923125596391 0.438126130212695 0.466033644967516 0.273731143116722 0.444276967294954 0.589618503281999 0.574024493931793 0.524076523238037 0.300031416906935 0.30510579927424 0.194053089656355 0.329618708714312 0.478842763900757 0.536295328140259 0.562349712848663 0.627649260759354 0.55601809233427 0.578539253398776 0.598339954167604 0.624594208300114 0.661185544729233 0.723670842647552 0.720649740695953 0.723792328834534
0.578033023178577 0.668851736187935 0.67819065362215 0.630397915691137 0.467283488735557 0.548441717763808 0.691660972647369 0.606992155760527 0.57377136811614 0.536630287901974 0.148492402451271 0.0366823457711553 0.0108187620481476 0.239214141517878 0.383496790602803 0.389407829214342 0.510237617790699 0.558001483082771 0.633680852856487 0.278621000348442 0.28564682184485 0.560049601607025 0.680412019491196 0.576658358424902 0.47477992540691 0.495496512963437 0.531926329485138 0.695818730670435 0.167640995508429 0.421766895772307 0.462837360426784 0.466459685727896 0.408541862235371 0.320545128291839 0.361217794777833 0.328511478532584 0.291433948650374 0.498194157332182 0.599517479240894 0.624255459010601 0.623557943552732 0.543787797242403 0.497949774265289 0.662483986616135 0.661165227144957 0.660765661001205 0.683363083600998 0.719400365352631 0.671541897058487
0.490060410350561 0.52330914080143 0.626501414179802 0.601193552147597 0.574853802919388 0.509018859499829 0.715208764076233 0.611153235913025 0.683769895136356 0.622779692131526 0.412003687381698 0.228480350419305 0.0252255978062749 0.0296358232665807 0.194159920217935 0.288721228924405 0.31408553226749 0.398272561572545 0.315434401062506 0.355190984383126 0.351287329319226 0.410987488176559 0.552460453648801 0.535122400326654 0.41117982333395 0.571098821908236 0.560917839705944 0.685979834496975 0.314664146483879 0.102804313816534 0.475349329211986 0.327610001920561 0.535890699398005 0.387374562905002 0.523312416188419 0.540543735711752 0.411974150837086 0.550419279375864 0.462400242313743 0.383461785980035 0.258535056007095 0.550866492837667 0.634929555058479 0.66702233672142 0.658757957220077 0.716333323121071 0.616057997643948 0.6929113894701 0.61064044624567
0.5234473118186 0.569302743532462 0.527677090927027 0.675851353406906 0.565802368726581 0.536070236861706 0.641488164067268 0.644196564555168 0.663051001727581 0.664240563559524 0.630958409309387 0.463928759507835 0.257966233016923 0.00434816280612722 0.041293622343801 0.186960578107307 0.289234198718332 0.362760625405936 0.438679340087065 0.459679124951363 0.347176360450685 0.341648206330792 0.61505282882601 0.404417343551264 0.386287338049204 0.518365063667297 0.388817158937454 0.623614991307259 0.274195701460586 0.184812315191375 0.582299480438232 0.359862391425839 0.543123044552776 0.426172424834222 0.588453672975302 0.613725850880146 0.507569395148425 0.52902830036357 0.384567034356296 0.278453082605265 0.236655869148672 0.492103653997183 0.532465398311615 0.553522091209888 0.553057666420937 0.692847818732262 0.680403290693648 0.472904955525204 0.546840256759897
0.316375404596329 0.557880704419222 0.505318782887227 0.588508577384055 0.588678161930293 0.441949441432953 0.371074640201405 0.600115047991276 0.637895995378494 0.689682223051786 0.678697892669588 0.494829322931473 0.498115296438336 0.0473751368350349 0.00283474313328043 0.0425274108511822 0.314610522642669 0.34822916624291 0.292242828395106 0.274095639666448 0.296602322888199 0.502629683693212 0.569408543257741 0.305202300922907 0.402907393840433 0.49878401259557 0.64243067741394 0.533359493836761 0.380154507585239 0.269283909611404 0.483618494626208 0.564124315083027 0.5846110907197 0.59840011164546 0.633221160471439 0.546761187503653 0.434406338222325 0.526984934986103 0.425067161449342 0.551080943388224 0.497367463737796 0.427649319733914 0.536566218584776 0.634042318463325 0.599379143714905 0.432292999477068 0.575097342431545 0.556058585286082 0.567192869260907
0.261549529459994 0.604419013261795 0.540104008894414 0.606910077161156 0.388476723097265 0.0887354974262416 0.34904331298545 0.534916990548372 0.578578124344349 0.686273639202118 0.731025582030416 0.504383632251993 0.489074695408344 0.0693507190211676 0.00212282474385574 0.0206623238358273 0.359607992244557 0.388633159537221 0.313379898322351 0.482547428207324 0.562097217939386 0.553049761168549 0.30416977310399 0.317983969389469 0.439038430191576 0.419009090214968 0.404414962484878 0.569733026251197 0.434979142157515 0.286369542132513 0.416245226584651 0.579605469102971 0.693514962792397 0.490635022521019 0.521335113495588 0.248042236251169 0.226847355318762 0.23925353319124 0.220370970118427 0.496492489110689 0.429256347685683 0.185084065376745 0.464448437988758 0.594445362687111 0.521645985990763 0.476319074630737 0.442151276469231 0.400971622988582 0.203373798634857
0.454911396353653 0.366948509740787 0.525763402283192 0.533624784350395 0.611017904356122 0.336062620636076 0.306802361849695 0.408112350255251 0.585101800560951 0.633711758255959 0.730607285350561 0.598896168470383 0.536442298442125 0.0335787141113542 0.0117269935831428 0.0468256934248764 0.255778925335197 0.360239709110465 0.460968977307946 0.485285960406671 0.217246620156865 0.194969189353941 0.331753183443367 0.314559175183097 0.397760700377028 0.382423804230315 0.507962410245091 0.621504657268524 0.324491853022373 0.497124892473221 0.593106653541327 0.634221247136593 0.679644905030727 0.638999177962542 0.438268228380572 0.583358628869827 0.478035381189981 0.268627513219881 0.120540938274938 0.218635946478183 0.621206198981319 0.123111409496926 0.314064716922232 0.511885988712311 0.403734327573844 0.501155849262141 0.504748798236251 0.418566905280817 0.383783818818629
0.447910740822554 0.480412414819002 0.395890391767025 0.484425080283545 0.490308753310892 0.575526537895203 0.644683439135551 0.645736244916916 0.678994024693966 0.709188386201859 0.648227045126891 0.59287723547739 0.466081282794476 0.0440857964404859 0.116151728888508 0.111736837325545 0.368168420456351 0.482250509411097 0.236890589030555 0.513131297105396 0.284302657999871 0.216133055056541 0.279843173277454 0.522218701265463 0.687283933758736 0.574194620549679 0.639576508998871 0.646574604474008 0.14778798889477 0.205272001828998 0.538814299404621 0.649818245768547 0.643581605553627 0.509322625315408 0.639752408470976 0.447863699232908 0.185674710062369 0.065193140654222 0.119821452952123 0.214894864843519 0.166359387913538 0.0795024737016492 0.162466907435197 0.297408729353349 0.451799283718935 0.413541032543046 0.538259002715349 0.526516630649567 0.493345286026597
0.378582282364368 0.443683698475361 0.40145436399036 0.396414853959213 0.572163643210665 0.532065887078643 0.563984565883875 0.6178773650527 0.582058964967728 0.716058232188225 0.723842145055532 0.587607674719766 0.328291829302907 0.0166729434882291 0.0973140832479112 0.135745541178912 0.305715230059577 0.444615235328674 0.276235068524475 0.414498161245206 0.254321394742593 0.232275353929353 0.281159396573021 0.72884777545929 0.527855987548828 0.552132066829363 0.662393095418811 0.101066273531751 0.378076565527916 0.486325902507375 0.53902383821393 0.684540405273438 0.637105063796043 0.617652738969212 0.615430380105972 0.420540681054699 0.294575595129576 0.189006535071465 0.23878635993591 0.161226096525352 0.188718151677983 0.244912032995847 0.411774833469076 0.46525210396003 0.26191451094682 0.419683526623994 0.534504043608904 0.600067735910416 0.651019275784492
0.424396178126335 0.474069375544786 0.534733500480652 0.447487345672917 0.36311003388837 0.578502433001995 0.529908058101137 0.679473348557949 0.669906186759472 0.731006335914135 0.731996275186539 0.52570061057806 0.261440735515207 0.0344497722794767 0.0031046848394908 0.0986816171766259 0.20032295532403 0.286854569782679 0.135656199100592 0.464654634362087 0.428500988878916 0.1247368131139 0.356268754650173 0.650109868331616 0.356590577039443 0.551473684497178 0.462521494179677 0.13716739196174 0.437639005081525 0.590458511710167 0.610889800190926 0.603434845879674 0.606727623939514 0.588302928507328 0.59205001950264 0.473761435598135 0.387070233800769 0.235238522163252 0.251529622034699 0.270153428906496 0.219266717650929 0.380166178423578 0.615375650674105 0.618113301545382 0.27681782868321 0.435257620476186 0.510403888225555 0.377175551354885 0.557521039545536
0.500651660859585 0.503816297352314 0.470832697153091 0.484811253845692 0.465447231680155 0.50496315356344 0.598831847310066 0.621661584665999 0.681564550697804 0.704099504947662 0.658781064599752 0.539844897389412 0.368688583374023 0.237022358495742 0.0621502011967823 0.0207224730588496 0.14217823066836 0.275699087157947 0.163166944851329 0.478937217493076 0.238063704594235 0.178504835402568 0.438089144676416 0.398234352379261 0.425801671880625 0.46664009399053 0.291011557590999 0.461960629448295 0.539574792325548 0.602368774786592 0.57402554884553 0.497696824222803 0.519156560488045 0.624762042625807 0.559776762425899 0.490378964021802 0.46604528721502 0.447719789415254 0.690809279765988 0.306462027214246 0.270707883989089 0.449305061689391 0.443964070950666 0.622358260452747 0.599151864498854 0.599982050538529 0.441352161616087 0.162350378427655 0.334246169421822
0.461308401525021 0.528083865940571 0.529074815809727 0.482482486665249 0.488905839920044 0.591265697181225 0.619366347789764 0.611000853031874 0.615738114714622 0.603729628026485 0.666655241250992 0.670043116211891 0.619039053916931 0.470575101971626 0.219750919039361 0.00417297943029553 0.0341440252796747 0.142415512278676 0.198716898662639 0.480706350908731 0.270762451278611 0.321381405333434 0.46016404721915 0.192484924071015 0.506509077203642 0.475182735619913 0.297301926490282 0.395534884715453 0.445356629258996 0.585888765007258 0.48288157851086 0.197050356641412 0.397534694584152 0.58670382797718 0.505079844295979 0.472624215208762 0.299136483257716 0.314321337375292 0.408078638256126 0.19910103817309 0.429150659762423 0.471756716309888 0.518889474371972 0.577755303382874 0.599445691108704 0.564210689067841 0.480902100205421 0.19336356326472 0.273854781091213
0.279137760804981 0.470105242133141 0.499124682843685 0.523146194517612 0.560401990413666 0.526742790937424 0.434515506979078 0.503368656039238 0.465671260803938 0.603052158951759 0.677283784747124 0.680670951008797 0.704039881229401 0.621239686012268 0.375249066278338 0.0960848984960467 0.010528900094796 0.0408276604709681 0.0627404777411328 0.153273332228406 0.209472899080801 0.357577215478029 0.283521374204676 0.388000227332217 0.646527577936649 0.598452703204594 0.462577148234723 0.467063770001296 0.561830934896134 0.514293903931975 0.351218203380704 0.327969914874993 0.421385418305563 0.536304949041478 0.402054104785295 0.412693372741924 0.301020204707776 0.457185787308293 0.129181577391323 0.148222640124334 0.233070298249323 0.402408333495259 0.589058160632849 0.579460734226232 0.614639771282673 0.601982322335243 0.581419308781624 0.487319090664387 0.388979177027941
0.0547903480922105 0.259403074313886 0.341906559690833 0.448705660253763 0.506226198971272 0.484018900692463 0.238873922862113 0.471869387709303 0.522583008200163 0.589787302017212 0.551045416146517 0.573694781213999 0.750710589289665 0.703306629359722 0.591550446003675 0.325518328770995 0.121412621866912 0.0357907026796602 0.000984648318553809 0.035594738558575 0.246776980501891 0.419779447056353 0.336546105160513 0.539432292651592 0.676353718432947 0.393859411694526 0.270153389888337 0.505705301924157 0.545872431653634 0.481439636217133 0.423069267302708 0.441511521888897 0.430942808369062 0.720104745030403 0.448762074996415 0.318973995078401 0.331326959174323 0.324934531335528 0.277541408201299 0.196437435651083 0.143320233694294 0.53849138517151 0.522178332128759 0.414356323733163 0.51027089715004 0.423089450448751 0.439411985352635 0.443695066832006 0.36248994175985
