data/qualities.asc
NCOLS 100 
NROWS 165 
XLLCORNER -12850 
YLLCORNER 6498250 
CELLSIZE 1000 
NODATA_value -9999 
[rows 20 to 39 of 165, columns 46 to 91 of 100]
-9999 -9999 -9999 5.64944948564516e-05 0.0146150517292158 0.0370925196776898 0.00273627204044487 0.114531863827724 0.142669062912464 0.151694761961699 0.180267867967486 0.151282744333148 0.0725339920236729 0.0703081659134477 0.0212037940946175 0.0478641903284006 0.0683600857900456 0.0734094101749361 0.0707905843481421 0.143694954086095 0.169762931540608 0.188110330402851 0.149485844615847 0.150678173005581 0.0801450969395228 0.0132658836187329 0.021459131387528 0.0583920973259956 0.113924303734675 0.165393605520949 0.0608742762962356 0.0692193609522656 0.0685037880018353 0.0778003241680563 0.108520178077742 0.081537529299967 0.110484180171043 0.118408283311874 0.0878617840725929 0.0455791806057096 0.115246273558587 0.13098557385616 0.180336178392172 0.2545167677477 0.277652920354158 0.163812150657177
-9999 -9999 -9999 -9999 0.00130329430809431 0.000427457674218967 1.85059422262879e-05 0.0242461482573708 0.0301876608410912 0.0183265984941884 0.0291630035515118 0.0634300950518809 0.0341753338434501 0.0288470337545732 0.0020754577700427 0.0222587999721873 0.0418509785807692 0.0497249015467241 0.0850031954236329 0.147862996514887 0.108256121019367 0.102777360512409 0.0940554844611324 0.0670140188047662 0.0272156554655521 0.00336645136048901 0.00404761629702989 0.00845318051520735 0.0292873541626614 0.0630840195552446 0.079096882394515 0.0773560364358127 0.0752954912930727 0.102005329411477 0.0998552240990102 0.109073192575015 0.0966095811873674 0.106698731724173 0.125313056530431 0.0974288238072768 0.160811290452257 0.185669563021511 0.163864627815783 0.249677405375987 0.266915089581162 0.169135003983974
-9999 -9999 -9999 -9999 -9999 4.40106123107391e-20 6.13828952555476e-05 0.000284639081469206 3.85956567778091e-05 0.000161666162623054 0.00544263691721426 0.00166860361855262 1.35109803112547e-05 0.000287091295641968 0.000644280184351373 0.00146739355899626 0.00129118824204852 0.00250971832650976 0.0249863688371261 0.0263117020830396 0.00841512656537816 0.00561000421410426 0.0203473837673664 0.0548407827503979 0.0646938927052543 0.0631320085912012 0.0512692836340284 0.0408770397456829 0.0384386785444804 0.0491468153102323 0.0731048701656982 0.0839052101550624 0.106824068436399 0.0953999495180324 0.0646979382075369 0.0728219012683257 0.0946313742501661 0.124091037521139 0.132801954057068 0.236454709395766 0.229660362005234 0.142876677578315 0.15519415197894 0.292594836205244 0.25859069455415 0.238156464472413
-9999 -9999 -9999 -9999 -9999 0.0130862128571607 0.0337963427712278 0.0391730423229681 0.0766762479323355 0.0957610257812485 0.0838727091217879 0.0108629928556859 0.00122388622358605 0.00986088992377432 0.0172607316821814 0.0403204562049359 0.0398351805238053 0.0355611677211709 0.0452572855469771 0.0161671676044352 0.0112369713035878 0.0631143389642239 0.133936447538435 0.167924404777586 0.166115752756596 0.135053777648136 0.135087482212111 0.104659153139219 0.073142610732466 0.0808749210368842 0.0776937153143808 0.0935306070558727 0.107307889629155 0.0734361092373729 0.0500990742025897 0.153468883028254 0.214798063337803 0.139775694422424 0.0805118195060641 0.26399834766984 0.275446770172566 0.170311615662649 0.130696201138198 0.243695706613362 0.250908422358334 0.20216783804819
-9999 -9999 -9999 -9999 0.00275262268909361 0.018309930274263 0.128065384076908 0.172086723893881 0.214004130512476 0.196256550727412 0.143809825200588 0.0969430165365338 0.0779928241018206 0.0405087097315118 0.0210068629332818 0.0597918673790991 0.0770866143610328 0.0897061418555677 0.112768504838459 0.0393889922980452 0.040031781331636 0.181218685749918 0.157425364591181 0.0798813526472077 0.0918328606896102 0.0558366978308186 0.074521757545881 0.0909438219759613 0.0817022943962365 0.0781355897942558 0.0960296509228647 0.107859753156081 0.0955815523676574 0.0553274814831093 0.138595861885697 0.241233550403267 0.241831158939749 0.239947618413717 0.205525806508958 0.193457954917103 0.206424607411027 0.132524042408913 0.0940790799632669 0.151992926169187 0.0725082963754539 0.117956611204427
-9999 -9999 -9999 -9999 0.000247388515281668 0.0257465831438458 0.197524057421833 0.248822573404759 0.234789828043431 0.218689277768135 0.191530068069696 0.187275832816958 0.178617657301947 0.116682282122783 0.038516575419344 0.0224556634668261 0.0802991336211562 0.138730351366103 0.141991659370251 0.136867589585017 0.152924363426864 0.181925926664844 0.140056375889108 0.118088726261631 0.10715498123318 0.0842911722371355 0.0825757635594346 0.0863523060781881 0.0450811199704185 0.0733240742515773 0.0496695344429463 0.0746645187353715 0.0745376588823274 0.111118683665991 0.17087021317333 0.197126316400245 0.224075520709157 0.248790835700929 0.233694443404675 0.134405440501869 0.098146637333557 0.041136607604567 0.0163292577199172 0.0290901036455944 0.00045871091211211 0.00220258422381275
-9999 -9999 -9999 -9999 0.000882238524354761 0.0849210706760641 0.234709153901786 0.225140120964497 0.273008602745831 0.230807426720858 0.230088979806751 0.239914528932422 0.238881651945412 0.22526686295867 0.112122692451812 0.0958198616839945 0.132521130121313 0.159468836933374 0.172323657944798 0.220631091445684 0.205612416984513 0.169641795242205 0.113973902314901 0.163105324916542 0.120608015083708 0.0707885848032311 0.0487276234151795 0.0871663786284625 0.065545492656529 0.0583761309366673 0.0769223916484043 0.0945711082499474 0.0959667665697634 0.109865348059684 0.131971447961405 0.100467394571751 0.128594742454588 0.160852100588381 0.177447570040822 0.115635361298919 0.0729873858834617 0.0318707793420003 0.000532907000497932 4.44859773271953e-05 1.59663457068859e-05 -9999
-9999 -9999 -9999 -9999 0.000111049241381489 0.0720027600811591 0.172247839169577 0.176816928610206 0.2316983554326 0.207888513552025 0.208511310275644 0.253602164881304 0.249528817627579 0.200612787259743 0.163868304314092 0.178978464249521 0.150229176357388 0.158643980165943 0.158421460539103 0.196710521737114 0.194451065436006 0.178818831238896 0.126328265815973 0.112222086843103 0.0982867246586829 0.0167134273005649 0.057415571580641 0.103216475327499 0.0888229446997866 0.0373476852709427 0.105100376186892 0.122370323743671 0.113304051295854 0.0736054493905976 0.0919326155632734 0.109574483362958 0.0531889221887104 0.0668824107456021 0.0836930575128645 0.0532767482916825 0.000836220664792506 7.86772853205708e-06 1.81966688988639e-06 -9999 -9999 -9999
-9999 0.0323543683625758 -9999 0.000140262954129042 7.60367054536209e-09 0.0254061464980501 0.203139898683876 0.184966104347259 0.173603085679933 0.158306974470615 0.14097560249269 0.138420146461576 0.141494883988053 0.148815166763961 0.190925833433866 0.191444423254579 0.200640234593302 0.180108415670693 0.189438653681427 0.212799812629819 0.2391173639521 0.222121377587318 0.187421157229692 0.171038686688989 0.0924645552551374 0.0689817448006943 0.0230112838093191 0.0825747805321589 0.0963423795765266 0.109413684089668 0.125055943913758 0.117693474180996 0.137397993784398 0.0873067158460617 0.0580963264056481 0.114335774630308 0.130492368657142 0.115163573441096 0.0716119750868529 0.0581673248903826 0.00543712740619981 5.24569228521917e-05 -9999 -9999 -9999 -9999
0.0572940855153969 0.0486279145289371 0.0231742253226619 0.0123957913684182 0.00090607176804568 0.0104411938984098 0.120066081760451 0.166446826364845 0.120017061531544 0.0297280577849597 0.072910508136265 0.135903877448291 0.181028701877221 0.150204121666029 0.150147285694256 0.204718813244253 0.201792667247355 0.230764380488545 0.225282213874161 0.248884590417147 0.241085718646646 0.229952548388392 0.215669191367924 0.21901213048026 0.128615482505411 0.0645975560182706 0.0759737266181037 0.0759315954660997 0.0470933092618361 0.0824111926928163 0.134402761692181 0.118720586947165 0.10576560921967 0.139663089439273 0.0851418649824336 0.0713910171482712 0.135154431303963 0.156492840014398 0.0824338130187243 0.0563861706759781 0.00602151160526365 0.000259210437472272 -9999 -9999 -9999 -9999
0.0640758885489777 0.0560062101110816 0.0243913171859458 0.0296784980036318 0.0125522647827165 0.0218991969234776 0.0457900461100508 0.0357001178117935 0.0552365248836577 0.0728501775651239 0.109703849283978 0.168340368689969 0.194051364697516 0.172854829765856 0.154806846072897 0.210921056270599 0.103943657176569 0.184014191264287 0.238097086381167 0.217058804035187 0.106338654579595 0.237354295551777 0.261443156637251 0.252132217157632 0.2345689268969 0.21830391548574 0.141205117967911 0.0644055443932302 0.0751773099636193 0.153794151246548 0.150456483820453 0.151969301849604 0.141834764070809 0.179296143874526 0.144192495793104 0.0850263124331832 0.0796387823671103 0.0375369750778191 0.0162825829894246 0.00183252803107849 0.00172374043743023 -9999 -9999 -9999 -9999 -9999
0.118451766846702 0.096156917931512 0.067943955026567 0.159433568790555 0.115791807805654 0.0235143083866569 0.00286936708536814 0.00649160140834283 0.121120291668922 0.150858361274004 0.148576038330793 0.160391561770812 0.186115860939026 0.177795460950583 0.167502440214157 0.226446970850229 0.0954434605967253 0.111526716444641 0.24412663385272 0.22621688243933 0.141689518997446 0.135744405779988 0.242713948208839 0.213608368970454 0.224141372200102 0.204583471314982 0.253353646099567 0.107724147848785 0.0286756153171882 0.119370141141117 0.130239579565823 0.159251942997798 0.167591907698661 0.160325971990824 0.113068747520447 0.0845099940034561 0.034189628890017 0.0182020671712235 0.014201058591143 1.17213252331726e-05 -9999 -9999 -9999 -9999 -9999 -9999
0.117649555825628 0.0800433812383562 0.160653501823545 0.208557929061353 0.178463018015027 0.144407108165324 0.0436640262283618 0.00423703208769439 0.122182362563908 0.184644085615873 0.164673372479156 0.149455382842571 0.155694433217868 0.152174097755924 0.162600237075239 0.244558483883739 0.266760441064835 0.242894128113985 0.223701413869858 0.248421470522881 0.19800732171163 0.151542898267508 0.164573533469811 0.188984806239605 0.198027401734143 0.104280717428774 0.199309621118009 0.171315884813666 0.06850854662247 0.0708888996788301 0.159547195397317 0.15555740647018 0.14409651055932 0.126606816286221 0.0893994226120412 0.0812937209010124 0.0488285233825445 0.0127526679742459 1.00292641009736e-05 -9999 -9999 -9999 -9999 -9999 -9999 -9999
0.14130821544677 0.11892575211823 0.191443716995418 0.191869207173586 0.179946635216475 0.176167701836675 0.117713362518698 0.0866736042371485 0.106469576535746 0.169334548017941 0.191097286716104 0.15047142772004 0.138961382815614 0.142338592205197 0.196341870389879 0.249712521713227 0.241960948370397 0.184028825759888 0.219233219735324 0.245462519153953 0.201407840270549 0.192675440944731 0.170749928168952 0.119180789217353 0.192965684980154 0.219704115213826 0.218224325980991 0.19253287691623 0.0587544498126954 0.0184019170887768 0.0264985099353362 0.00454577072431629 0.0156487505676187 0.0622400332754478 0.0139188668999122 0.0108159220643097 0.0159901506118413 0.00267665108096381 6.63238282553581e-05 -9999 -9999 -9999 -9999 -9999 -9999 -9999
0.19727845184505 0.190605465415865 0.177336545102298 0.170681722965091 0.167389405379072 0.156972183808684 0.150138543955982 0.14474358455278 0.105429128510877 0.120606392761692 0.15195165745914 0.158697767471895 0.153621512530372 0.156163956448436 0.186670354008675 0.25243931543082 0.204766902569681 0.213904166817665 0.184582059942186 0.252127175685018 0.253610775917768 0.199425441790372 0.165132761029527 0.122742389542982 0.139346190206707 0.175402864851058 0.158353949505836 0.131291946652345 0.0625181588390842 0.076969634834677 0.0802844316953997 0.00829043344757568 6.67451061990376e-05 0.00307729694430843 4.15520873015758e-05 6.55414218452851e-07 4.77311626210573e-08 3.56732937029595e-12 -9999 -9999 -9999 -9999 -9999 -9999 -9999 -9999
0.147646806463599 0.223094812594354 0.189642483191565 0.169325907323509 0.167421371927485 0.138782225772738 0.167820240724832 0.144042417388409 0.109151103207842 0.146012593498453 0.168976217741147 0.157306688213721 0.126251722890884 0.162639407273382 0.20928029447794 0.221838528066874 0.223625246211886 0.232775457222015 0.20261790106073 0.177287468239665 0.172928916346282 0.197641118783504 0.142087882924825 0.138229130050167 0.0513841386139393 0.0321376167796552 0.0377654900169 0.0247515986766666 0.0658896861318499 0.120076239975169 0.182587305605412 0.075941058783792 0.00140320874169788 7.99047777118889e-05 8.3009630625275e-18 2.70349989742769e-26 8.34878722368342e-28 -9999 -9999 -9999 -9999 -9999 -9999 -9999 -9999 -9999
0.0716883164830506 0.10309065095149 0.156207887008786 0.139606156190857 0.151253452729434 0.130124785900116 0.157643654495478 0.145659565459937 0.119159439904615 0.116799747990444 0.126989324232563 0.095762600004673 0.0899598889471963 0.169859643084928 0.214549024906009 0.200713487472385 0.188596707535908 0.222328367903829 0.186876129508018 0.117687354991212 0.145773664079607 0.16947496986948 0.189075866863132 0.157856124937534 0.150132108088583 0.119142198488116 0.113242757227272 0.140131112337112 0.148872069437057 0.0991447529057041 0.101291729216464 0.0593286712036934 0.0120338208327303 0.00034798704726548 8.02797643837967e-14 1.97328817545502e-28 -9999 -9999 -9999 -9999 -9999 -9999 -9999 -9999 -9999 -9999
0.129183016652241 0.132743557561189 0.159540467858315 0.152075656205416 0.11680255971849 0.123506535803899 0.144006592100486 0.144910888662562 0.129486190443859 0.126644299598411 0.0573350541293621 0.189755105450749 0.19299921149388 0.205075185932219 0.212699956987053 0.217730779740959 0.229034685529768 0.21295307861641 0.193833217555657 0.0971379206841812 0.0696799051389098 0.144472757698968 0.22690402565524 0.236987133137882 0.216103741694242 0.168005634751171 0.181619617007673 0.196312563177198 0.1977033393085 0.108753340644762 0.0813894248194992 0.0991363326832652 0.0630998030980118 0.00518978455703602 2.20035418845651e-05 1.24574768188082e-07 -9999 -9999 -9999 -9999 -9999 -9999 -9999 -9999 -9999 -9999
0.14236378650181 0.140645893439651 0.133496319600381 0.136937558255158 0.0871111485222354 0.115050968797877 0.0977508613001555 0.134857870424166 0.139837830867618 0.123432870944962 0.153200447345153 0.154820532649755 0.175373309403658 0.183180774310604 0.211635959958658 0.20603807060048 0.182664094110951 0.195063683381304 0.193720891941339 0.146006925115362 0.0826539877429605 0.0408806963125244 0.194612999521196 0.267564889453351 0.229139620196074 0.24567595442757 0.212870390340686 0.176879532719031 0.181743891835213 0.13354481767863 0.16074216157198 0.188276679851115 0.16438878246583 0.0443667998118326 0.0016556276891879 2.38784498307609e-05 -9999 -9999 -9999 -9999 -9999 -9999 -9999 -9999 -9999 -9999
0.148214348703623 0.148841025978327 0.122559032277204 0.0747431702166796 0.154840030930936 0.145630885912105 0.13967295656912 0.0764571309369057 0.0560362328309566 0.108446845356375 0.170965180285275 0.218213050570339 0.162459218977019 0.128019108483568 0.0993925657588988 0.138886958397925 0.197034466201439 0.206488258428872 0.201963789267465 0.183052468094975 0.162799108643085 0.0791948404442519 0.0465310420235619 0.14980224089697 0.250858332812786 0.210429827999324 0.192841167766601 0.240989479776472 0.221367566213012 0.246088491398841 0.28094450622797 0.24532770043239 0.229685221556574 0.126170585479122 0.00782974789457512 0.000219850256738331 5.66820938274759e-06 -9999 -9999 -9999 -9999 -9999 -9999 -9999 -9999 -9999
