data/qualities.asc
NCOLS 100 
NROWS 165 
XLLCORNER -12850 
YLLCORNER 6498250 
CELLSIZE 1000 
NODATA_value -9999 
[rows 80 to 99 of 165, columns 46 to 91 of 100]
0.0836407235218212 0.0840921215573326 0.0786124676698819 0.00941938321557245 0.037305548657896 0.0645743016246706 0.105464782021008 0.112164334547706 0.0844249367993325 0.0981825790926814 0.0842758016195148 0.0304496576683596 0.109742410178296 0.108536180835217 0.111462377887219 0.111719690766186 0.104173728106543 0.120565437506884 0.160333016514778 0.140761384963989 0.137588603720069 0.121547199040651 0.0460833544889465 0.135811235755682 0.131516747940332 0.0835243952646852 0.0600507785892114 0.0959571520937607 0.0653043375955895 0.138408029628918 0.150603212313727 0.227901352783665 0.239995464701206 0.241298486925662 0.213155431374908 0.25311825145036 0.31970051009208 0.148339719697833 0.0337474489957094 0.0118831036038671 7.15470520220966e-09 -9999 -9999 -9999 -9999 -9999
0.0469401761190966 0.0486477021779865 0.026845869490644 0.00152547468442208 0.0304411563211761 0.104645458790474 0.0956015775492415 0.113508827011101 0.0788995634624735 0.0604507818701677 0.0768895822390914 0.114495295151137 0.112818699721247 0.0990742367971689 0.118031927081756 0.114535537483171 0.116163649773225 0.127003432922065 0.0773245112318546 0.0599497289815918 0.103320995597169 0.0851127433823422 0.142478444557637 0.159713568277657 0.157252691611648 0.121115307533182 0.0977240925189108 0.103614214062691 0.116499197296798 0.13699777665548 0.150926409987733 0.180143758691847 0.175345831019804 0.219020746741444 0.224691382218152 0.193686044290662 0.245142344143242 0.110639758524485 0.0109668331814464 0.0282565285074162 7.94505981610127e-05 -9999 -9999 -9999 -9999 -9999
0.0783700191508979 0.0761408466147259 0.0446032016468234 0.0153839067134686 0.0291280001448467 0.0940293654473498 0.0928001469327137 0.108558508530259 0.0575484459195286 0.042340982076712 0.10673393972218 0.117224438181147 0.0921590665448457 0.110533173708245 0.120430530454032 0.114628859325312 0.11980440557003 0.0866195611003786 0.0150339498603716 0.0173998129973188 0.085501936096698 0.134024316882715 0.140055941902101 0.101133538144641 0.102114389203489 0.107077356800437 0.0556039051571861 0.0719172075856477 0.135361707974225 0.147292624237016 0.108224576446228 0.0737536650290713 0.161675260653719 0.191079714270309 0.215419107545167 0.21608820900321 0.140597135312855 0.0256022283120547 0.00350283463500091 0.0329214975819559 0.0151277493803263 -9999 -9999 -9999 -9999 -9999
0.0951123002218082 0.0927953044325113 0.0853357915161178 0.0273132593510672 0.0374198909243569 0.0971024966426194 0.0791136933770031 0.0693661061924649 0.0234598105079203 0.0760009674727917 0.118372347196564 0.109209282374941 0.111474021901377 0.116349158864468 0.106807720814832 0.108433884857222 0.127548159169964 0.120893945880234 0.036071682239417 0.00632824543630704 0.014377580950968 0.0527817662619054 0.132488870620728 0.0986204774025828 0.101263417159207 0.142299752039835 0.111721123140305 0.0653711206000298 0.135124736148864 0.149004977969453 0.120295992651954 0.158324928451329 0.169122092984617 0.169772293865681 0.17707082523033 0.0665650839044247 0.00974896203028038 0.00399105348275043 2.53441518842053e-05 0.000167644460602353 0.00249715238934389 -9999 -9999 -9999 -9999 -9999
0.0807164530223236 0.0867139632208273 0.0983934052893892 0.0208472422880004 0.0138809067607508 0.046893833000795 0.0449395295302384 0.0370456904673483 0.0177119498136017 0.102270638411865 0.120877408515662 0.121247747419402 0.119628651370294 0.0979048119811341 0.0994857289083302 0.128359595406801 0.125259954705834 0.0804816457722336 0.00601850449573249 0.0579886107426137 0.025870591532439 0.0765405170759186 0.132963900640607 0.147393967555836 0.148259907104075 0.154385585598648 0.141941001787782 0.122290643816814 0.140494253225625 0.163901168508455 0.163616650728509 0.192632272299379 0.201433298438787 0.183388508297503 0.128285612347536 0.032147370884195 0.0184176728827879 0.0148851220210781 0.000394808491420883 1.73407088769475e-08 4.25002326664981e-08 -9999 -9999 -9999 -9999 -9999
0.101776002738625 0.0672092342097312 0.0723027277505025 0.0263988578907447 0.0117135798819072 0.00819996668404201 0.0676964609511197 0.0822436828305945 0.0981334428489208 0.130875971335918 0.118302600309253 0.114615736217238 0.121200559046119 0.110065706721507 0.103386730654165 0.129250708231702 0.134848318397999 0.0840078505594283 0.00630830399924889 0.0330393228726462 0.0400172350136563 0.121863023433834 0.163110050484538 0.164842605292797 0.164940140945837 0.127003766875714 0.11631634327583 0.106755860047415 0.116996657159179 0.17146117025055 0.159132055677474 0.158190893800929 0.147840352635831 0.102061190132517 0.0582345978962258 0.0802974966634065 0.0389151297463292 0.00631545023263117 0.000191486142906242 -9999 -9999 -9999 -9999 -9999 -9999 -9999
0.0930525254458189 0.0691315568191931 0.0380010380083695 0.0311018823180348 0.0607626808923669 0.0112262859783368 0.0806440404988825 0.0914952086284757 0.122030864953995 0.115037323907018 0.114183181263506 0.115665422528982 0.121625233395025 0.109542939793319 0.034210415375419 0.128768645189703 0.134175520641729 0.0448784517892636 0.00705373761476949 0.0340814611501992 0.0911094028037041 0.0890806435467675 0.140132898166776 0.169838504986838 0.163778983661905 0.135724945571274 0.151064281603321 0.134349816935137 0.0932331061642617 0.0963712675869465 0.0657332583656535 0.107490936983377 0.0506869716476649 0.0185305519046918 0.0154994812257685 0.043682530541555 0.00394046233872528 4.34099132545238e-12 5.21738002605366e-19 -9999 -9999 -9999 -9999 -9999 -9999 -9999
0.0979973690398037 0.0990930191474035 0.0318027232046006 0.00681626987352502 0.0258294549910352 0.0059320669923909 0.0505246862862259 0.0533363909740001 0.116447067037225 0.122398547362536 0.110132203022949 0.108850382324308 0.117455503754318 0.125680706351995 0.104673446957022 0.124405039874837 0.120194285511971 0.0185903419065289 0.00753026954596862 0.0825497667910531 0.0720620424067602 0.047520821178332 0.114844699548557 0.165779442470521 0.172277111448348 0.14759086523205 0.144273882871494 0.147181038949639 0.118733633290976 0.0791475368989632 0.039010035933461 0.0250444012880325 0.00826157467396115 0.000342952127183391 4.88407015171075e-08 2.46312187744495e-05 3.32993976614484e-06 7.82763916242322e-08 1.87665136357379e-10 -9999 -9999 -9999 -9999 -9999 -9999 -9999
0.085993668474257 0.0776279156748205 0.0464121683663689 0.0520886484952644 0.0424129808077123 0.00386780909891968 0.022771948769805 0.0676272235438228 0.128543155118823 0.131832043323666 0.103460610746406 0.112590484023094 0.12342240893282 0.129626051448286 0.106646482711658 0.0744964763801545 0.0661844961950556 0.00833777644438669 0.00757840088801458 0.0536416708631441 0.0208581388927996 0.0653934057988226 0.146329991901293 0.145522944033146 0.15060099885799 0.163442515591159 0.132789951572195 0.0782273819580541 0.030231983629414 0.0244933997423238 0.0290490136330482 0.00616632670513354 0.00541233062216634 4.08372086040564e-06 0.000150030863375215 0.000147991560163214 0.01663350219123 0.0345235060878861 0.00164628470704748 1.52278252256919e-18 8.11239864550895e-32 -9999 -9999 -9999 -9999 -9999
0.0189034828191507 0.0108023440325633 0.0873935653269291 0.100489467578009 0.052561350283213 0.000962774759063905 0.00417654931745346 0.0649801223445684 0.156824608966708 0.150683935759589 0.107659566658549 0.088743878682144 0.128011759854853 0.130367921115831 0.122466011773795 0.0692670922144316 0.0403918518917635 0.0106897497014143 0.0377976203011349 0.022704371935688 0.118433883041143 0.166931809782982 0.155180442333221 0.109689009711146 0.0862945524603128 0.144926343038678 0.0489590550910725 0.000173615297225088 4.30957713605171e-07 6.7498092571977e-07 0.00170758641723467 0.0045777320068737 0.00174998794180283 0.0156298086991228 0.0185730160612729 0.0131932724273065 0.0509783648402663 0.0665258056391031 0.0172878528132338 2.5963408262234e-09 2.52992779127526e-07 -9999 -9999 -9999 -9999 -9999
0.000459739782054385 0.0175051032054762 0.104050604738295 0.100624522073194 0.058765326119028 0.00719046810205327 0.0114826180253294 0.0377490515820682 0.130687808578368 0.123127296809107 0.123101511318237 0.111054406268522 0.108944608876482 0.1277217215579 0.132822184991091 0.09252435779199 0.0100746061606333 0.00727641315199435 0.0342128495732322 0.0549127452075481 0.14086625052616 0.171210241094232 0.146773894252256 0.162400044938549 0.143387014055625 0.153028741115704 0.11636869141832 0.0647107695272643 0.0384291252740286 0.000793425653242821 1.71794769348421e-06 0.00112134728070702 0.0135265136061935 0.0295533325430006 0.0197761863120832 0.0199311784200836 0.0224179897038266 0.00354561089683557 0.00250653919434626 0.00236319886925657 0.00143834108996537 0.00261460603402296 -9999 -9999 -9999 -9999
0.00150886123286 0.0170550194325551 0.0711713603325188 0.0390794351504053 0.00585216053444653 0.00495265187321195 0.0335140052530915 0.0531566724320874 0.0420796219795011 0.119634128925391 0.134785231128335 0.120251424964517 0.107603734601289 0.0926163332769647 0.127450481513515 0.119160167914815 0.0201970523086493 0.0176563807536149 0.0477107292244909 0.124955521710217 0.123310593087226 0.0859646867588162 0.117007678379305 0.163956064004451 0.155403520707041 0.156186688002199 0.129041922176257 0.107979374947026 0.0658031286438927 0.00300309616899881 3.14127160710751e-06 0.0022158708813032 0.0324607295915484 0.0454140762635507 0.0509258881444111 0.0526711719646119 0.0601782469637692 0.0208759766304865 0.0264083432662301 0.0375011989381164 0.00590608149685964 1.13916222127278e-05 -9999 -9999 -9999 -9999
0.0156009320507292 0.00205377245544241 0.00634402580732467 6.85142985811165e-05 1.55756312347295e-09 0.000548070350625192 0.0210893294248288 0.0586896183213685 0.0143826775280832 0.013790339762927 0.0366752394486684 0.0105120666754374 0.0286903578307101 0.0912982381507754 0.115025084177032 0.0770461375091691 0.00602537840655714 0.0334109551957226 0.0540613041105098 0.0902924712118693 0.117825490394607 0.116973438141868 0.127146076411009 0.162693369584158 0.161161013944075 0.170481285182759 0.140760529334657 0.0251592323256773 0.0145025285803422 0.0151521996229894 0.040565418943861 0.0500123427098151 0.0656375749013387 0.0681166166020557 0.0521232611360028 0.10611819375772 0.120805677613243 0.052720786165446 0.0479731158283539 0.070411205003038 0.000942277597162041 2.75155951444057e-15 -9999 -9999 -9999 -9999
0.0490461597684771 0.00297125220208568 1.40532466054169e-08 4.9676678887489e-08 3.80659177783768e-10 1.24047956446484e-11 2.46927405297849e-05 0.0316267435812915 0.0570549075782765 0.0602980836573988 0.0834968804195523 0.0814968444872648 0.0172129578313979 0.0161395942848321 0.0267959509871434 0.0460191250787466 0.087944426308386 0.0648053322033957 0.137759043714032 0.119960071463138 0.0680670857726363 0.0385785450026742 0.0389276395295747 0.0753592544799903 0.0678422097442672 0.055905880543869 0.0441906679363456 0.0892788076263969 0.171767518783454 0.194311822019517 0.123683871477842 0.0624148249719292 0.0614564132131636 0.0555825279233977 0.0331666767550632 0.0608441148255952 0.0404809045605361 0.00377849445520042 0.0175662319578805 0.0579993556579575 0.000365522863252342 3.94277469830881e-11 -9999 -9999 -9999 -9999
0.116167730279267 0.0223279130951323 1.15085271265025e-05 1.34020100189147e-05 0.0108785377452753 0.0492463973975865 0.0279198318966507 0.104215537314303 0.112296695560217 0.119754264168441 0.0980800571572036 0.0867421011906117 0.0547829795908183 0.0823917044815607 0.140494445329532 0.102530634924769 0.121436269246042 0.110937668904662 0.117809179965407 0.151235633268952 0.0875127807771787 0.0129107358194597 0.0398572859136038 0.0868095486395759 0.120503349029459 0.163330449089408 0.151375595005229 0.187781786518171 0.237983245626092 0.281974264811724 0.229933029813692 0.0637267141789198 0.0372954298602417 0.0383475586818531 0.010795773328864 0.0183994166768389 0.0185155995097011 0.00481086124684225 0.00304878630453459 0.00456021721145191 4.89016734432732e-06 -9999 -9999 -9999 -9999 -9999
0.0975935051962733 0.0451836822577752 0.00230666167605875 0.000580537629375613 0.0541543137657573 0.135921721793711 0.110873999660835 0.117897059060633 0.10927603780292 0.111285132090561 0.1364052400738 0.120401918245479 0.0270072179986164 0.014927373083774 0.0649297388526611 0.13424377726391 0.123842632640153 0.118683281103149 0.142482486283407 0.138628110457212 0.0855053441878408 0.0539455816650297 0.0980965136084706 0.0936824658932164 0.136185502558947 0.141748386044055 0.130549448346719 0.155297480085865 0.118294701008126 0.236029565781355 0.243554060063325 0.0879618808766827 0.0619186556711793 0.0399346110015176 0.0261641876818612 0.032357183333952 0.0431900805234909 0.00843123675673269 0.00430680800302071 7.26626733584464e-05 8.50893698606884e-09 -9999 -9999 -9999 -9999 -9999
0.071823462061584 0.0628304197383113 0.0317282393758069 0.0136544943699846 0.103973494227976 0.156941782291979 0.13689920803532 0.12684037707746 0.11877579363063 0.0957701197639108 0.120066110314801 0.127569076791406 0.049838635136839 0.014554800898768 0.0203550564195029 0.102595964968205 0.0824856052407995 0.0706894171796739 0.142010874003172 0.170427193660289 0.142637825123966 0.113413412338123 0.137048766603693 0.165651294998825 0.149451560806483 0.120364862615243 0.119062460055575 0.130748616307974 0.142504948759452 0.119495571600273 0.126561790835112 0.0561282703396864 0.0567257585283369 0.0574566801497713 0.103206980489194 0.0712008696375415 0.0644332901085727 0.0476313363597728 0.0501307008403819 0.00672090933134956 0.00159130024258047 -9999 -9999 -9999 -9999 -9999
0.0330296707886737 0.100111923404038 0.0758890624193009 0.0406541190610733 0.13523381520994 0.139541202113032 0.126252068774775 0.124200825178996 0.121520206183195 0.124615475907922 0.111739214016125 0.12864147612825 0.0956647374387831 0.0189402534090914 0.0188016266725026 0.0848357890313491 0.0920569045003504 0.0896491873869672 0.0841581022925675 0.119010554598644 0.0618756303517148 0.106557075665332 0.143083480866626 0.126680891653523 0.0962299286480993 0.101834456836805 0.139432677198201 0.133989036418498 0.14468819106929 0.13295130552724 0.0652626275527291 0.0532300597755238 0.0610094785084948 0.0747750536398962 0.143246805164963 0.172133702076972 0.123162342933938 0.0951869549881667 0.0444442545936909 0.00280808357278597 0.00170924549456686 -9999 -9999 -9999 -9999 -9999
0.059369153121952 0.0645222667302005 0.0243533716630639 0.0342197449082728 0.104828562348266 0.110646541453898 0.121949036642909 0.117476714653894 0.123818849250674 0.122689784886315 0.109715927504003 0.142096088379622 0.109113134387881 0.0237158249784261 0.0174935928895138 0.0730911664478481 0.0846779025997967 0.0870696879317984 0.0741724142897874 0.0722984674712643 0.0712483631307259 0.0929895382421091 0.0900968014309183 0.0965457502566278 0.101443377933465 0.116826940774918 0.132256658002734 0.118024841295555 0.123422326864675 0.108534314911813 0.0503795660822652 0.0688293781410903 0.131530916905031 0.184224392399192 0.224852741900831 0.178450981900096 0.126456881836057 0.0818355139996856 0.00375908964025464 0.000657422107178718 -9999 -9999 -9999 -9999 -9999 -9999
0.0878537538088858 0.0047499093248598 4.03998619085282e-05 6.12280669332939e-08 0.000240875074437499 0.0251350461051892 0.0885469237715006 0.0925993518903852 0.110652655092999 0.130978068318218 0.122140512140468 0.130924457674846 0.0875770559627563 0.030873942207545 0.0333628742094152 0.0665594373177737 0.0911368995252997 0.0768225608114153 0.0797893482772633 0.0672966245049611 0.0700940556451678 0.0806851175939664 0.0732121185678989 0.0910258365515619 0.0888292150152847 0.11650102628395 0.121973080011085 0.135423325430602 0.122902329880744 0.13278206913732 0.135142906801775 0.109859990468249 0.172447265749797 0.220462390817702 0.259723713230342 0.233124309778213 0.193311985433102 0.0923538863401927 1.50741878098209e-05 -9999 -9999 -9999 -9999 -9999 -9999 -9999
