data/qualities.asc
NCOLS 100 
NROWS 165 
XLLCORNER -12850 
YLLCORNER 6498250 
CELLSIZE 1000 
NODATA_value -9999 
[rows 100 to 119 of 165, columns 46 to 91 of 100]
0.0271255721000489 0.00251692080772045 2.70964448548011e-06 3.49728290881372e-09 9.69759731819223e-05 0.0445076578055616 0.0792852201359347 0.100557505115867 0.127476716209203 0.147344178389758 0.141178270410746 0.12219776103273 0.107900822078809 0.0241441868559923 0.0402857229218353 0.0649741019541398 0.0975966201489791 0.0773154446156696 0.0818766021542251 0.0504715334181674 0.0506275388365611 0.0898849935363978 0.0501779612945393 0.114291600910947 0.0887732486659661 0.0882123119244352 0.0891949453344569 0.116776403319091 0.0594962524529547 0.0891555030969903 0.135043934667483 0.156252625407651 0.122327246540226 0.158114854129963 0.165487823160365 0.151194524504244 0.118954584915191 0.0569399494262662 4.23855345646101e-10 1.02155241418673e-14 -9999 -9999 -9999 -9999 -9999 -9999
0.0647410112293437 0.0151018741109567 2.1383545581523e-07 0.0134714825643681 0.0552751259840512 0.145408436497673 0.101815988845192 0.111320287082344 0.113299326049164 0.150222604498267 0.127636295659468 0.124252192527056 0.11439751887694 0.0504986277967691 0.0665280445781536 0.0756549991201609 0.0981594805419445 0.110348617406562 0.0873726047296077 0.0623646100657061 0.0768812473583966 0.0932181317079812 0.08777590054553 0.0917864001169801 0.0791806339751929 0.0762326420610771 0.080000396380201 0.0830589087633416 0.087002535238862 0.0634463330311701 0.115999281415716 0.135432476950809 0.0753020444326103 0.147273966846988 0.14119849903509 0.0423663139576092 0.0136369426455349 0.0115936828615168 6.3926853470044e-05 7.98126067808501e-08 4.65239327936519e-07 8.41151145093601e-14 1.11365967207907e-12 0.000231049335810927 0.00117072325941224 4.30108475531673e-06
0.0273794021919036 0.00364081030084713 0.00939759253148275 0.147548674725695 0.16933228097856 0.157914395988919 0.110365329710767 0.134510511243716 0.129391383603215 0.130855439724401 0.139430372053757 0.127585598696023 0.103330592466518 0.0681521187070757 0.112854929193854 0.110193261802197 0.100145166022703 0.0990056099742651 0.09055094180163 0.0562690664688125 0.0804401019914076 0.102727375202812 0.0965496844192967 0.0707599971070886 0.0765350909065455 0.0683755268529058 0.0494419324328192 0.0702231415640563 0.101529097156599 0.157545985830948 0.159679635316133 0.126143755633384 0.113663042830303 0.0989139509759843 0.0192673244063917 0.00575499094396946 0.0106993915395287 0.0484989264881006 0.0457010213353072 0.00322707651166867 0.00062086530361263 0.000503219079573696 0.0100213037559195 0.0219757232889122 0.013049294328157 5.39963572573825e-05
2.94568120180023e-11 9.36195185887283e-15 0.00953423717366432 0.204857627004385 0.175971038788557 0.195203165272251 0.232654874334112 0.23694862537086 0.141971160923131 0.0966886078892276 0.107606367906556 0.0507567155780271 0.0358083161571994 0.0908168618381023 0.105178742283024 0.0948089117044583 0.0672781361406669 0.0886614774353802 0.0890418302407488 0.0758115585939959 0.0815679810242727 0.0852800118736923 0.112557082581334 0.0954284864850342 0.0865841812640429 0.0936279989778996 0.0667644380358979 0.030477626780048 0.0584951933985576 0.138886306658387 0.170559684662148 0.160375168779865 0.0943894012644887 0.0606219269707799 0.0219060123535746 0.0225558584439568 0.0381473087426275 0.155353355603293 0.145984767214395 0.062925214227289 0.0294878205051646 0.0361822881828994 0.126475930167362 0.107021332001314 0.0372591430781202 1.50063277494031e-05
1.57443328765678e-17 8.54575073233328e-13 0.0015665408475294 0.0604788681538776 0.113876599669456 0.132360939607024 0.171453273501247 0.136438825805672 0.0682755390228704 0.0179489514441229 0.00963443397078663 0.0046738117057248 0.0340984828426735 0.0858806598652154 0.0817223943350837 0.0973273800034076 0.0876073334924877 0.0728163260873407 0.0802236173814163 0.0837597179226577 0.0864069565851241 0.0489115244522691 0.113822929896414 0.10375837338157 0.0873196315951645 0.112213811283 0.0965073328884318 0.0661413401830941 0.0821881937747821 0.102090139910579 0.106575824245811 0.132107052598149 0.135582469990477 0.104201316013932 0.0337470609508455 0.0297441459121183 0.03117934829148 0.124564479170367 0.124262635582127 0.114208842576481 0.14444205481559 0.140299536772072 0.158848517704755 0.136358995768242 0.0375947816159419 2.10758587901633e-06
1.02006982808125e-06 0.000892623628840745 0.0101498645259892 0.00886373274435755 0.0169256902707275 0.0154362268163823 0.0198004559834953 0.0373090991587378 0.0384941173141124 0.0257873724994715 0.0357522535795579 0.0656484734965488 0.0968841586820781 0.0755910438252613 0.0897826123330742 0.0807548104599118 0.0904860902484506 0.0896245619282126 0.089852085118182 0.0962505751242861 0.0674349711416289 0.0495832950761542 0.0898394986614585 0.0890712004899979 0.0689541106997058 0.116945386822335 0.11758014566265 0.0844258929602802 0.0748489945754409 0.144477412998676 0.144132825061679 0.164600962717086 0.176482575833797 0.127582674100995 0.0269565293751657 0.0581423744233325 0.0735972698032856 0.119915101239458 0.165668151499704 0.253775981999934 0.246529845111072 0.230513691082597 0.251472390033305 0.177612430527806 0.0668971095967572 0.00272271108722208
0.00363430181296968 0.0481881445291219 0.0757118211966008 0.0864921806193888 0.0784776057954878 0.0685335620539263 0.0741713488753885 0.0988376165600494 0.123981308275834 0.0661690857261419 0.0729625131608918 0.0844990137033164 0.101020972952247 0.0871774036902934 0.103746828958392 0.0991409941064194 0.124004368595779 0.105389109253883 0.0882211581198499 0.0745516553940251 0.0829522776650265 0.105181377483532 0.110362221272662 0.0891771504166536 0.0317582379537635 0.108509250842035 0.113718031533062 0.0738927613385022 0.073130778670311 0.12582332634367 0.11471224296838 0.165454480685294 0.185112361442298 0.119923357143998 0.0377193872164935 0.0917740362859331 0.0990966933919117 0.0907555413944647 0.13037294886075 0.226243142653257 0.249262198973447 0.204058539569378 0.232132091429085 0.152986805438995 0.113641939782538 0.0288995429423144
3.46549350185607e-07 6.79096305436043e-05 0.00311134425264072 0.0298953666885664 0.0590325163539273 0.101323990272358 0.0794758546026424 0.0594537903601304 0.0762098900135607 0.0655418066121638 0.0907301718788222 0.0802755237231031 0.0975675328727812 0.0908887220779434 0.0893170379381627 0.0953983131470159 0.111447752378881 0.068791943853721 0.0949827731214464 0.0786494645802304 0.077918995777145 0.105654155774973 0.11272374629043 0.0441563772164227 0.0230786655021802 0.0883182920143008 0.082368321986869 0.075412718532607 0.06619028841611 0.112758455714211 0.123975357059389 0.130509536676109 0.158239050842822 0.0992673508496955 0.0914007039554417 0.052605484619271 0.0779916096618399 0.0727772161457688 0.0824965611100197 0.159468569085002 0.18135880545713 0.167518309019506 0.148538374807686 0.0979163398221135 0.035731200411974 0.00570031212260322
0.0413121539709521 0.06493078094151 0.0160771924603176 2.91840599085814e-08 0.00290942515082137 0.093172148168087 0.100513052563183 0.0788493908615783 0.0615566080389544 0.0497040886571631 0.0536479719704948 0.0889319688826799 0.0951749618630856 0.0846220661140978 0.109243893902749 0.118666027886793 0.10346871539019 0.0884334828332067 0.0815615862840787 0.0834908107155934 0.0696237663924694 0.0828753800038248 0.103865217170678 0.125811710301787 0.111298543065786 0.094899459942244 0.100539549710229 0.0752653408562765 0.0256232889764942 0.0903893939824775 0.0814361778274179 0.0995464438665658 0.125400939276442 0.150010989392176 0.12655684478581 0.0662086242809892 0.0372164044145029 0.0703270948026329 0.111485877297819 0.200784123875201 0.177664844794199 0.050200659330003 0.0810303289443254 0.0842731822188944 0.0128047313036586 1.15731050598305e-05
0.0943214991968125 0.140613578632474 0.0303042072300195 4.20549506315252e-06 0.000387313502160356 0.0606122744479217 0.0741225335141644 0.0926450102869421 0.0593613079097122 0.00657724561860959 0.0163958382070996 0.070398958385922 0.0848229454876855 0.0994381453841925 0.098308007819578 0.0788819962926209 0.0773464871384204 0.0760886812768877 0.0762455600127578 0.0796858129836619 0.0658973667910323 0.0789656233089045 0.0806892079394311 0.107441019807011 0.0802229418698698 0.0777832712279633 0.0800319878850132 0.0768161392491311 0.0378119051549584 0.0940589338820428 0.0849663859792054 0.112975126421079 0.132618399821222 0.164560644710436 0.083984335877467 0.0231158751266776 0.0421189243439585 0.08618626806885 0.191101706009358 0.222562577612698 0.201434205016121 0.0917289054626599 0.163541180565953 0.13539065266028 0.0829623790667392 0.00305461147212005
0.0807785547664389 0.071043614577502 0.096447030629497 0.0578302739421906 0.0665714227816898 0.123999647144228 0.119334250800312 0.126754507804289 0.0842532933317125 0.0260548032342922 0.0344998584210407 0.043013997846283 0.0897109170025215 0.109894185485318 0.113226804593578 0.0970775842852891 0.0756740250671282 0.0515408074087463 0.0554919228679501 0.0871180183347315 0.0897347799222916 0.0981057072151452 0.104000751953572 0.0977815476898104 0.0396461993362755 0.0891590113658458 0.10859745066613 0.0976085447520018 0.0726444728579372 0.124325631316751 0.118263527369127 0.1289065494854 0.127700657639652 0.126491362974048 0.0352275761943747 0.00236138926791227 0.0635640806658194 0.114766910122707 0.224951814860106 0.282797140777111 0.218861882667989 0.087339546373114 0.119562416868284 0.194553874097764 0.12309336386621 0.034747455008328
0.130826487150043 0.164653859511018 0.174707960216329 0.164577462077141 0.115449389936402 0.125020281681791 0.133467067535967 0.136299665998667 0.0783560455823317 0.0746431699790992 0.0288389383815229 0.031199369803071 0.0748614869080484 0.103626128141768 0.111550730857998 0.10588334871456 0.110278610130772 0.0969552050158382 0.0839183262875304 0.0713361519714817 0.0868967094877735 0.092624574797228 0.107099206605926 0.129333840338513 0.0845964908832684 0.0897605699812993 0.0909962650574744 0.0707235030177981 0.111670492533594 0.117945737903938 0.146335926083848 0.106551869651303 0.0996138299349695 0.113143086330965 0.0476067812321708 0.023710013939999 0.07754790159408 0.134591852240264 0.170635967068374 0.178090572804213 0.197720238380134 0.109142138897441 0.0710407283622772 0.104571666656993 0.063750142659992 0.059671119954437
0.102171280058101 0.157027459740639 0.15639948297292 0.0642511171894148 0.111617899788544 0.121971703646705 0.115796235902235 0.114970386670902 0.0737199966609478 0.0410107875056565 0.0210589952417649 0.0519869367801584 0.0957524577248842 0.109274112628773 0.106177270608023 0.0923502305243164 0.0926544398115948 0.0797574496641755 0.0938906032126397 0.0927695222105831 0.0707562752300873 0.0820946903713047 0.0875120856007561 0.105497279511765 0.103412780445069 0.0318803853041027 0.0257127661832783 0.0811840457608923 0.119992121099494 0.102595025971532 0.127576388046145 0.141281519159675 0.107593692811206 0.0894079251401126 0.024049439568771 0.0427894057176309 0.076688073053956 0.104710567444563 0.181050309613347 0.213299800027162 0.229527062624693 0.110473864041269 0.0273489021178102 0.029646511124447 0.0297318215481937 0.0705037923436612
0.13183746307157 0.145378867136315 0.147986676171422 0.0787388271186501 0.116592881428078 0.147215059222654 0.105842276187614 0.100817253543064 0.0998978317203 0.0520374598866329 0.0336162130348384 0.108681137603708 0.115662867133506 0.0790090740006417 0.0829990112502128 0.0957600487954915 0.0729925176128745 0.0607028544228524 0.075558321797289 0.0777338263019919 0.070557774710469 0.0498729915870354 0.128415321111679 0.125879137190059 0.09826635860838 0.0485350921726786 0.0375718903777306 0.119882916752249 0.135107036912814 0.147604916477576 0.180112881287932 0.132628923170269 0.0842308447510004 0.0822779735550284 0.0205843855021521 0.0359433314809576 0.0822603458166122 0.115829480271786 0.197844528481364 0.199388228990138 0.184418239798397 0.141560357445851 0.05843207472004 0.0141286750463769 0.0329923228127882 0.0858719409853802
0.144000044092536 0.171351548964158 0.142930448949337 0.120681306347251 0.14025197035633 0.135576873812824 0.106922468487173 0.0907777223270387 0.046840957114473 0.0521874859975651 0.103750429167412 0.109929803861305 0.0873144573206082 0.0825191568024456 0.0764022562839091 0.0982509747054428 0.0927612902037799 0.0844656889978796 0.085723091927357 0.0609684295440093 0.103852320536971 0.0724603987345472 0.115230366634205 0.0844611153984442 0.0939694918692112 0.0616171507164836 0.0536932226084173 0.149900166150182 0.152064053984359 0.159781128596514 0.183531499104574 0.137729440638795 0.131634164899588 0.152378373928368 0.0390998647734523 0.0510955554369139 0.105221296125092 0.107888874774799 0.153839748827741 0.214097321033478 0.170834718700498 0.132380452975631 0.0891780724562705 0.0206817390897777 0.0299875623825938 0.0774275904702517
0.137707910286263 0.149155170433223 0.131401256592944 0.132401638636366 0.128752685096115 0.0943557312851772 0.0569016791880131 0.0529950546985492 0.0636404102947563 0.108085096287541 0.1157152561564 0.09772116930224 0.0985616133362055 0.0796607698081061 0.0783420384209603 0.116054419418797 0.137949961125851 0.132636401550844 0.124777643419802 0.11414160518907 0.157447550538927 0.0978170954156667 0.0952408421318978 0.0755708296876401 0.0871375431818888 0.0420350818894804 0.0453706537256949 0.0682417075661942 0.114481423879042 0.132034182427451 0.120123383835889 0.119290969748981 0.136224057367072 0.117770696673542 0.026187966678408 0.0686310832668096 0.121500906003639 0.178797852844 0.199829198438674 0.220378812793642 0.17159284086898 0.11059557903558 0.0420909787900746 0.00588816621049773 0.02030316189921 0.0470214736368507
0.125187782142311 0.159321460602805 0.169968378376216 0.13549340935424 0.0621814743266441 0.0277027458860539 0.00786508718505502 0.121136552812532 0.180578976292163 0.168032906828448 0.155481565911323 0.1252096199058 0.155880830548704 0.120290797390044 0.0616294575622305 0.0585249257739633 0.109754592627287 0.108929640110582 0.108267180733383 0.107148534771986 0.103423663489521 0.0642845711810514 0.102261504363269 0.057405225657858 0.0701702154101804 0.0698110333667137 0.0272112600295804 0.0282556686829776 0.045416087876074 0.0863997028023005 0.0840075647225604 0.103432145435363 0.113147183917463 0.0395992749190191 0.00431443969311658 0.0522965866839513 0.154456294178963 0.199759319163859 0.187786015924066 0.198457450307906 0.182900948207825 0.116955026462674 0.0642047618236393 0.0168559713894501 0.00704241036786698 0.0136218455806375
0.051300609963946 0.106026137974113 0.173171149836853 0.155489791687578 0.130520886513405 0.0377340266294777 0.00647305570542812 0.073428098578006 0.16531609476544 0.203368673212826 0.191772673502564 0.147314786287025 0.139221140220761 0.111933480221778 0.0563344017788768 0.104868418122642 0.108578332453035 0.114816936664283 0.126651208233088 0.135500850901008 0.0896365399239585 0.0720930578326806 0.0891978037543595 0.0924688150826842 0.0940953366644681 0.104324324936606 0.0549194810423069 0.0642546351766214 0.124834278370254 0.111998282792047 0.105549938417971 0.0809908508285662 0.0126333961138268 0.00141333862311456 0.00176813941407946 0.0629562314786017 0.173162256628275 0.221994675267488 0.181245901519433 0.207719399575144 0.19883514881134 0.096033569611609 0.0364441787044052 0.058029725169763 0.0732008834555745 0.105356640275568
0.185074512585998 0.176891088094562 0.171780641004443 0.163598705921322 0.189576794682071 0.0780739709082991 0.0092279807664454 0.0959180086618289 0.181501370389014 0.194122964441776 0.189763778597116 0.113417390817776 0.123710424071178 0.0910069964081049 0.11014223924838 0.124581010853872 0.0912035891646519 0.0747604335285723 0.0563637289265171 0.128601392256096 0.104570730556734 0.0871505913930014 0.0351080791652203 0.108807366164401 0.12142341721803 0.0965931160235777 0.0265009577345336 0.133702273410745 0.170576402014121 0.101367277381942 0.045378248003326 0.000915166360978079 4.41942227226168e-10 5.3127926746022e-13 0.000460553174246298 0.0229552057432011 0.123856015442871 0.170706066731364 0.152207397492602 0.223802531417459 0.228733730521053 0.109791219769977 0.0842400368489325 0.115629349695519 0.0814530464494601 0.121667209640145
0.176281269583851 0.178501581000164 0.223529850598425 0.180050693303347 0.162930750688538 0.0494497205512016 0.00472307820658898 0.0858069627941586 0.122830285122618 0.114110293225385 0.140644064573571 0.143394018737599 0.154111868813634 0.105442387023941 0.124756114035845 0.0976656626630574 0.121486230315641 0.117645248821937 0.078605049168691 0.0958232391625643 0.0647595255170017 0.0621025630366057 0.0814191681845114 0.133642017235979 0.122682254267856 0.0686319864029065 0.00913524623028934 0.102005244325846 0.181053463816643 0.180277368491516 0.0929004123406776 0.000253770830772417 6.64092556754747e-18 1.66610188223504e-20 0.00480954253648147 0.0202573265484534 0.0106266459973995 0.0352953193444409 0.137088008020073 0.161366895670071 0.180531678963453 0.1101832073275 0.158964444026351 0.23618934571743 0.207439603703096 0.246352857267484
