data/qualities.asc
NCOLS 100 
NROWS 165 
XLLCORNER -12850 
YLLCORNER 6498250 
CELLSIZE 1000 
NODATA_value -9999 
[rows 120 to 139 of 165, columns 0 to 45 of 100]
-9999 -9999 -9999 -9999 3.11974025402601e-09 0.00366982945146878 0.0118642626100336 0.0859776326606516 0.132408458907157 0.135055288895965 0.133006792310625 0.144397496953607 0.144861950436607 0.145614682873711 0.211333756716922 0.176095610391349 0.140231845695525 0.124392096335068 0.170805664947256 0.102812109356746 0.09396399166435 0.106934154247865 0.114592984328046 0.112356319865212 0.0681312154605985 0.0475296926265582 0.182220467403531 0.205736679472029 0.190570915015414 0.203388009089977 0.218810179904103 0.217187663055956 0.155704883951694 0.141235896032304 0.10249034981709 0.000250075797659618 0.0527994928948363 0.251662909742445 0.171677582282573 0.0492579876550008 0.000991354909411832 0.0346967935824189 0.105272558112629 0.183124960232526 0.224336064327508 0.252604975383729
-9999 -9999 -9999 -9999 4.05170323220977e-05 0.0318096308855379 0.0722043743124232 0.0975976513139904 0.122385424384847 0.156527476496994 0.129774571703747 0.1336898158025 0.0657369083287449 0.0143286306011035 0.0352185573822986 0.0348768865084276 0.0807732885377482 0.103117096163332 0.100140911750495 0.118085039118305 0.0874335583671927 0.0799045917857438 0.0758642152976245 0.0692021390236914 0.0458258428797126 0.0469782678224146 0.157991923447698 0.175717166122049 0.0820671064406633 0.12424613895826 0.216506225708872 0.263195477351546 0.157611345779151 0.175706257540733 0.0503489560868798 9.83129153962636e-05 0.0234020639424082 0.0255583800883846 0.00285918807342832 0.073666544003645 0.129923325888813 0.171742410408333 0.146213059891015 0.108158875708468 0.206850472278893 0.211275483351201
-9999 -9999 -9999 -9999 0.00941877996404091 0.0977985815610737 0.101503590205684 0.124330619280227 0.145017302054912 0.186055362606421 0.0557765341893537 0.0296623748034426 0.000372010127734642 2.01451334230549e-08 0.00107336637464811 0.0628229529038072 0.0912626877101138 0.0568628243124112 0.110535554615781 0.0852753198053688 0.0133896186726633 0.0196853170369286 0.0423482466489077 0.054878178788349 0.0538125476217829 0.0346557918330654 0.039476217108313 0.111350853575859 0.0757801361195743 0.148419366925955 0.158822298906744 0.190648861648515 0.13500847288873 0.0953031045198441 0.0356601069811859 0.00111158207782921 0.00189438053140689 3.49447128718096e-08 4.27422463887742e-06 0.074309945535673 0.245964754223824 0.242203828729689 0.212181944493204 0.161183766797185 0.217060996089131 0.226225919239223
-9999 -9999 -9999 1.18205956097766e-08 0.00874868734646843 0.117576798545197 0.147365264655091 0.0935567301558331 0.072689151132945 0.0431835895241238 0.0102254415333664 0.00210556446025237 1.47551965479053e-08 1.46877474335244e-07 0.0156675282865235 0.0634812033269554 0.0943742242082953 0.0968097122991458 0.099037601724267 0.0342272723652422 0.0259982445693458 0.032748225859832 0.0656543911062181 0.0569591168221086 0.052423936794512 0.0420821929490194 0.0518821837753057 0.0753259331244044 0.0413105826184619 0.0822672747075558 0.117845997903496 0.0976700363028795 0.0420499713299796 0.00895887788485652 0.000663663215445958 0.000878057445580271 2.02816412369038e-06 0.0397064665793425 0.0618918975057704 0.138916127411067 0.250860474985093 0.244681577757001 0.312456914708018 0.281278664004058 0.213056273013353 0.187656336184591
-9999 -9999 0.0482276583400865 0.0162761672044395 0.0080068501980395 0.0643793449364603 0.0519703791919164 0.0137912318692543 0.0164191269641742 0.0472807284421287 0.0843546106526628 0.0552144020290962 0.00461918272714478 0.0148821100585266 0.0767962447216269 0.0838495071511716 0.056517720548436 0.0713435636647046 0.097285717241466 0.0434500320442021 0.0600343988928944 0.0308575041545555 0.0539277977868915 0.0470235941000283 0.0532416691025719 0.0336640331847593 0.0609367072489113 0.0536050090403296 0.0537950997526059 0.00365908233390655 0.0474989681784064 0.0695145673328079 0.0204534443482407 0.00538855839770122 5.88724158484832e-08 0.00151184142525776 0.0403739177851291 0.186261069504417 0.207767346352339 0.230339793041348 0.2051844792068 0.239225150719285 0.233868601601571 0.183463525185361 0.187887787315995 0.146847546193749
-9999 0.0731098204851151 0.105268522144057 0.146913908859715 0.0484022419387475 0.00604810575925512 0.0174109149770811 0.027959163156338 0.0389381531206891 0.0594185337703675 0.0634887147531845 0.0553547922254074 0.0428586121369153 0.0337347482144833 0.0651581318303943 0.0644077147491043 0.0789700299676042 0.163129176525399 0.184776557935402 0.127106822170317 0.0361155500821769 0.025338556105271 0.0470292476611212 0.0506729003880173 0.0532868942804635 0.0461368759162724 0.0415032902359962 0.066605665627867 0.0716456885414664 0.0152438639325555 0.0354531562756165 0.161304039796814 0.08119319611229 0.0292775885071978 3.31874396801089e-06 0.0499487207606059 0.261717540621758 0.265592255592346 0.210528528802097 0.216144637223333 0.185735957813449 0.18298342583701 0.222860306054354 0.20447766115889 0.19050654117018 0.101366735035554
-9999 0.00282465319422694 0.0373107344120223 0.0508671159204096 0.0487358005577698 0.018948849508306 0.0498785750987008 0.0370578218717128 0.0293910291476641 0.0764054568205029 0.176450542416424 0.100217830946203 0.0218492393196361 0.00163182827460199 0.0136289547218288 0.000285238582729721 0.000370297502908404 0.0427183846041498 0.065608690045774 0.0651823971886188 0.0089160550860106 0.000881225314560652 0.0548046245484147 0.0992965064384043 0.0971876511024311 0.139386096848175 0.188289784546942 0.229184103216976 0.126077460963279 0.0144908968906384 0.0274536082602572 0.123779806382954 0.0768721076240763 0.0263531965213583 4.18877771452355e-05 0.174949986344436 0.272304594814777 0.184620751803741 0.12128640303039 0.0638048316245477 0.009849055288214 0.133230605742428 0.208627636358142 0.189751058742404 0.160193958440796 0.0855348021397367
-9999 9.21693452839032e-07 0.0233582176272811 0.0543451309273951 0.0752399444952607 0.0694469650089741 0.0977305857464671 0.114988950779662 0.0695665079075843 0.108941646376625 0.180262721749023 0.0122911666548986 8.40863910796313e-07 7.37604383749953e-16 9.2238231613673e-07 0.0020738782690556 0.00621441486844368 0.0384953796648278 0.0507708126772195 0.040239931945689 0.0557094473112375 0.141040183668956 0.234660720443353 0.243809865862131 0.247149196490645 0.245173210278153 0.237597541119903 0.252511008195579 0.0638105885591358 0.0377073324308731 0.0895100187370554 0.132158593460917 0.0930174748541322 0.00548866218948638 9.67359176219878e-06 0.0597719926514095 0.0829552342216988 0.00947303870809502 8.89037588945435e-05 2.85389733512227e-06 0.00604068778089641 0.0901655859826133 0.118842069851235 0.142796655939892 0.127653420958668 0.0501361741102301
-9999 0.0114099518012947 0.0651553092646645 0.0294575202697888 0.0615944893006235 0.0885436947224662 0.151362493354827 0.178792014592327 0.0853882979111191 0.0684248016726586 0.106421641660509 0.00353809664491642 0.00803457037293139 0.041296284706577 0.0201310281241035 0.0219623667665292 0.0339618021191563 0.0572340462123975 0.151518035377376 0.206957864267752 0.240805828962475 0.199546769671142 0.213420348297805 0.171110455729067 0.284069656655192 0.225010541751981 0.235042501986027 0.18423543876037 0.0244074227177771 0.106856825589202 0.11187273748219 0.0472644982975908 0.0168757147996075 2.46276570086531e-06 2.54148860876471e-10 3.37963547091328e-16 0.000895585141018638 0.0198355396489603 0.00196207542126125 0.0238843718618005 0.161188137666031 0.2647256460879 0.330599338449538 0.228716857135296 0.158906612927094 0.0129440585363591
0.000775183318182826 0.0617789554519839 0.0713737225299701 0.154335657255724 0.222890785280615 0.1756033029221 0.14152136164553 0.116322525909969 0.0861230008304119 0.122118788510561 0.18070533445082 0.181832575965673 0.225410553254187 0.253449616711587 0.175853297505528 0.106109030935913 0.0485247165430337 0.141206173333339 0.253402639627457 0.26719647238031 0.275853435285389 0.2411247937195 0.241183248199522 0.27137245953083 0.198456725943834 0.154796390105039 0.0426337434082322 0.02118686815052 0.00208428840039869 0.000739500732177818 0.0233763309250025 0.00441160660982576 0.000837994061346379 1.05474283988958e-07 5.59556264136628e-07 0.00418807026692959 0.132322516993149 0.240942307617515 0.0744715047487989 0.108762019418646 0.203003612775356 0.231333160065115 0.316027686484158 0.223506151586771 0.0323470966012974 0.000910508145743734
0.0186696585483982 0.0587200125297928 0.126331007475965 0.154941643094644 0.0555095093494112 0.0873793419450521 0.0895738138684205 0.134186203912454 0.186877952013165 0.222053033486009 0.204914475921541 0.177385431723669 0.208450547959656 0.207125433534384 0.189978747628629 0.213363862112164 0.178799149468541 0.124985553333536 0.0928973635658622 0.117977148324717 0.268960027201101 0.294925043489784 0.174752648505382 0.0579968356880787 0.0177274638542805 0.0190867437086126 0.00109035914156463 2.79033591355426e-05 0.000151654554013332 6.7972126956073e-06 0.00180910673317798 0.000212604160011023 1.24231044537715e-17 1.50601885149829e-18 4.49092304894443e-05 0.0053664783918066 0.0591283594607376 0.106545454229927 0.0864482001075521 0.0615369643131271 0.12201617823448 0.208505214639008 0.224663988444954 0.208885745313019 0.0381443932559341 0.029899718426168
-9999 0.0536686803859014 0.0674310918963913 0.065246838144958 3.87909025878486e-07 0.0444072232849468 0.161903680447075 0.177503295373172 0.218953970950097 0.17346444661729 0.201668597040698 0.239181100577116 0.229846826866269 0.213507144078612 0.207276648543775 0.246482179425657 0.260260449256748 0.281015789099038 0.0920679023582488 0.0279303749834071 0.0525589080336955 0.0249445578271258 0.00170408652196556 5.65473240398903e-05 0.00048699333508239 0.067895596200251 0.128502081760671 0.111729150051833 0.109612599915126 0.113773377988837 0.0634683290333487 0.00444617360070685 7.02988370167153e-05 0.000393229604722145 0.0210898001834616 0.0457036586682079 0.0721251626475714 0.0479496271419339 0.05128948947764 0.0476510901073925 0.0854758287896402 0.179123956067488 0.178579251216725 0.146022325647064 0.0513696993608028 0.0145663704641629
-9999 -9999 -9999 -9999 1.82825482837601e-06 0.00241240515297225 0.0734703357232854 0.175852749478072 0.100118209072389 0.148848049743101 0.228948284778744 0.243487566150725 0.214788321591914 0.225306743755937 0.184551432020962 0.255512384008616 0.17222108417176 0.0801241454209761 0.0720759886148436 0.0168593156734646 5.56716292371872e-08 0.00152636108038126 0.0223135818886908 0.00155264179748964 0.000118725029472303 0.117983544900781 0.203803248684853 0.156271546334028 0.0925301758060232 0.0847524793678895 0.0264900122326799 0.00393392998928903 0.00210156335873762 0.00915411107591353 0.0845845235255547 0.127186825128738 0.138850085339509 0.0949787207646295 0.0644250310771167 0.131480815769173 0.212477821521461 0.212210113815963 0.155016313837841 0.180519941570237 0.110543344486505 0.00319879996142304
-9999 -9999 -9999 -9999 -9999 1.63976790190645e-06 0.00225219106686464 0.0305277078764119 0.0751946546696126 0.196284003891051 0.269602930657566 0.267470273077488 0.226373828388751 0.223354209568352 0.254414833094925 0.209571179919876 0.0275591378083174 2.12754126062318e-13 5.16093445367917e-05 0.00583005526436345 0.0197877777551829 0.076677148224298 0.101990405987017 0.000597576327526723 0.0143194545347611 0.0906350926542655 0.0663742667925544 0.069518345054239 0.0440021993080154 0.031634929056745 0.00383911899785744 0.00310529338545166 0.00543829677451868 0.0433876438887091 0.0680976683552217 4.53279666959664e-05 0.0487645440112644 0.178198104500771 0.166432382548228 0.116426299875602 0.232016457542777 0.226535756941885 0.194658547053114 0.21227026835084 0.153868179693818 0.000761054762018202
-9999 -9999 -9999 -9999 -9999 -9999 -9999 0.0964064052438035 0.222722977985827 0.245710029359907 0.218442674493417 0.186732549201697 0.107138504544273 0.0577189953764901 0.0282337928754714 0.00166570022211999 5.99531603267964e-05 0.0089324440867302 0.0876387512346342 0.124298829222098 0.154932714253664 0.0846050591068342 0.0305141383703449 0.0178730310125684 0.0548852487932891 0.115995451016352 0.172726702685468 0.150408555744216 0.0444452274369542 0.0181549842702225 0.0240962351218332 0.0237155941990204 0.0198747559741605 0.0986953839939088 0.0754764440613871 0.000183587204010153 0.106108873791251 0.200379235530272 0.146152515979484 0.211615369524807 0.257071761451662 0.250880254339427 0.190148626863956 0.14582127802074 0.0354163000783592 4.02190003638648e-05
-9999 -9999 -9999 -9999 -9999 -9999 -9999 -9999 0.190992349386215 0.0679597450571181 0.00125476319994994 0.0109007352431642 0.0433042068686336 0.0661922089534346 0.107444407548173 0.101323311781161 0.0806109830306377 0.13352651535999 0.166238177865744 0.1961722939834 0.0951049291249365 0.00897469657567854 0.00297413738226169 0.0157226877266658 0.0907439286913723 0.182695970153436 0.240915690176189 0.114488643873483 0.00452787928166799 0.0104284867167007 0.0744789701700211 0.0280796991463285 0.0543911402008962 0.125768080027774 0.0120132457705882 0.00325672066951546 0.220934514906257 0.252593572810292 0.201245184149593 0.280432939454913 0.204567438755184 0.260929807685316 0.17667864877847 0.0462761324484392 0.00591329571515146 1.95943497916673e-05
-9999 -9999 -9999 -9999 -9999 -9999 -9999 0.0477892067283392 0.0265059233352076 0.0131692362948569 0.00280821861655848 0.0744164764479662 0.148434101613238 0.225542440600693 0.310828993823379 0.211971905753016 0.0935348522290587 0.207931775804609 0.180050057144836 0.112906895587221 0.0257212158245966 0.00786796499254706 0.0180720365667366 0.0174686994071817 0.0688905148906633 0.134645733395591 0.212301582209766 0.212997559765354 0.0873074424499646 0.00107886088817395 0.051300002138596 0.022381549886195 0.0485325334023219 0.0952844545897096 0.00439653781759162 0.0105990013370497 0.195443208971992 0.236805766895413 0.182711734771729 0.287268698401749 0.255386717934161 0.187738573402166 0.067521546285917 6.76929245002686e-07 0.000202172657211194 0.0655287852590845
-9999 -9999 -9999 6.00839107356421e-08 3.60476667338183e-07 0.00756498224425322 0.0374810217872964 0.0684889058160029 0.138608193956316 0.211101067233831 0.214594070857856 0.158425432955846 0.178821553420275 0.215014929976314 0.241151125449687 0.139977149497718 0.175759653560817 0.251960198879242 0.135931771499625 0.00346034312893547 0.0176548335571809 0.0703018633276224 0.0579176373337396 0.0150342277405434 0.0725984174199402 0.0850990338833071 0.118385183666833 0.200798393692821 0.11748576710932 0.00154323161052162 0.0481970745534636 0.0130665013259159 0.00701858997178259 0.00670809044089085 0.000344159142014178 0.0325354105514452 0.143752034744248 0.139537184908986 0.1747498719953 0.225546277901158 0.161110540125519 0.106334561497206 0.0195403302951456 0.000268358944603287 0.0407639095518651 0.210327525809407
-9999 -9999 9.63883461935211e-09 4.89896215142874e-10 8.7463744835051e-06 0.018681365333054 0.11199394537136 0.221166775897145 0.261759326532483 0.23829947039485 0.210045351544395 0.094758528219536 0.0199242155463435 0.11675471894443 0.198274595905095 0.150846654288471 0.209239684082568 0.208519346956164 0.0208409025066893 7.28691265147846e-09 0.0537547376161179 0.0642008167319 0.0991802665404975 0.0289897131954785 0.0617470994032919 0.065533250651788 0.128724790895358 0.218460724148899 0.147336286362261 0.00182341145560827 0.0375545113859698 0.00943095113957066 4.50609605921369e-09 0.000893471153035783 0.0265080115199089 0.0879216217482462 0.1497250164859 0.136467734053731 0.208006800506264 0.17544400529936 0.120512324385345 0.0934051845874637 0.00192164340566549 0.00191393985415026 0.138089269464836 0.196411606408656
1.50338334090619e-14 1.29586481941161e-11 5.05853973765142e-11 2.89390243584865e-08 0.00190734218946417 0.0575640990311513 0.00215188258613296 0.0347686977972381 0.120088749669198 0.100582159860122 0.0886929886882353 0.0452143516018987 0.0480789387063123 0.0884609163692221 0.100665754247457 0.0605525493598543 0.127844869056717 0.128195746336132 0.000679779785032403 0.00197428196204361 0.106437113317952 0.145782176926732 0.165951030477881 0.0384969757555518 0.0432974165969063 0.0596947462018579 0.14162177878432 0.130858243438415 0.0443074028726537 1.80586267912113e-06 0.00394435496264403 0.000814478616320724 1.96170752262374e-08 0.0119990714432312 0.0492696330160834 0.0872559798741713 0.19893321916461 0.209331748057157 0.267080346159637 0.219281205497682 0.13858806069009 0.0987594202082255 3.29574074987526e-05 0.00817562123470808 0.154435516521335 0.203163674660027
