data/qualities_sno_2000.asc
NCOLS 59 
NROWS 44 
XLLCORNER 110650 
YLLCORNER 6894750 
CELLSIZE 2000 
NODATA_value -9999 
[rows 0 to 23 of 44, columns 0 to 53 of 59]
-9999.000000000000000 -9999 -9999 -9999 -9999 -9999 -9999 -9999 -9999 -9999 -9999 -9999 -9999 -9999 -9999 -9999 -9999 -9999 1.03980423147027e-07 1.30857928884671e-06 3.74820808130834e-05 9.08275949520678e-05 -9999 -9999 -9999 -9999 -9999 -9999 -9999 -9999 -9999 -9999 -9999 -9999 -9999 -9999 -9999 -9999 -9999 -9999 -9999 -9999 -9999 -9999 -9999 -9999 -9999 -9999 -9999 -9999 -9999 -9999 -9999 -9999
-9999 -9999 -9999 -9999 -9999 -9999 -9999 -9999 -9999 -9999 -9999 -9999 -9999 -9999 -9999 -9999 -9999 5.59005933098433e-07 7.18303857849993e-06 0.000219545811885062 0.000783648365859335 0.000579024526077223 0.000555335921098453 0.000983126129379825 -9999 -9999 -9999 -9999 -9999 -9999 -9999 -9999 -9999 -9999 -9999 -9999 -9999 -9999 -9999 -9999 -9999 -9999 -9999 -9999 -9999 -9999 -9999 -9999 -9999 -9999 -9999 -9999 -9999 -9999
-9999 -9999 -9999 -9999 -9999 -9999 -9999 -9999 -9999 -9999 -9999 -9999 -9999 -9999 -9999 -9999 -9999 8.24901730547586e-05 0.000433033310263227 0.00281742546772875 0.00253655603051811 0.00309414707444375 0.00507899528427515 0.0039827212158265 3.82386949190226e-05 -9999 -9999 -9999 -9999 -9999 -9999 -9999 -9999 -9999 -9999 -9999 -9999 -9999 -9999 -9999 -9999 -9999 -9999 -9999 -9999 -9999 -9999 -9999 -9999 -9999 -9999 -9999 -9999 -9999
-9999 -9999 -9999 -9999 -9999 -9999 -9999 -9999 -9999 -9999 0.000750904408050701 0.00104673084303166 0.00139622477009538 0.000311882938479638 0.000158103250972393 0.00206779587529433 0.00339817884741933 0.000281146335120346 0.000581599311772152 0.00392768880759831 0.0167406832973211 0.0196091611147858 0.0139257128169993 0.00452285391238547 0.00217905225858373 0.00383242882134464 -9999 -9999 -9999 -9999 -9999 -9999 -9999 -9999 -9999 -9999 -9999 -9999 -9999 -9999 -9999 -9999 -9999 -9999 -9999 -9999 -9999 -9999 -9999 -9999 -9999 -9999 -9999 -9999
-9999 -9999 -9999 -9999 -9999 -9999 -9999 1.5916530173854e-06 0.000293693441622164 0.00248937131739998 0.0036981834564358 0.0078487151756417 0.00325008783631347 0.000490588846729727 2.97133882426692e-05 0.00196020214857526 0.00407575423378148 0.00467694639543987 0.000303628206893336 0.00510701874407468 0.0181383034658938 0.0247116850345628 0.0125872042826086 0.00584542875556508 0.00517759234819096 0.010071249093801 0.00255239907346549 -9999 -9999 -9999 -9999 -9999 -9999 -9999 -9999 -9999 -9999 -9999 -9999 -9999 -9999 -9999 -9999 -9999 -9999 -9999 -9999 -9999 -9999 -9999 -9999 -9999 -9999 -9999
-9999 -9999 -9999 4.74211146865855e-05 0.000135300859244436 0.000332947001228167 0.00122432133966362 0.00126855746070023 0.000174793846211401 0.00327233612224518 0.00782961432647426 0.00850006477478018 0.00382426803058479 0.000696009475832398 0.000127476184300406 0.000524805416912386 0.00573091403843137 0.00630429953097704 -9999 0.0060408619698137 0.0131332552937238 0.0127407284807487 0.0198866278118658 0.0127413881465327 0.012864404238062 0.0110431310725107 0.00119532547880078 0.000979591909007604 0.00143777703578962 -9999 -9999 -9999 -9999 -9999 -9999 -9999 -9999 -9999 -9999 -9999 -9999 -9999 -9999 -9999 -9999 -9999 -9999 -9999 -9999 -9999 -9999 -9999 -9999 -9999
-9999 -9999 -9999 0.000302121085422352 0.00070939691005151 0.00110803202185707 0.00473042298974178 0.00281445665954379 0.00138690576935915 0.00235256308507815 0.00595345036883373 0.00660334055188287 0.00422429994563572 0.00229051364032784 0.00186960475671185 0.000255842135177318 0.00287110617238795 0.00452392473479033 0.000223133265845297 0.000762862682511861 0.00751792304767554 0.0142703841990442 0.0290431474239449 0.0270860448814346 0.0232439727751262 0.00909083405014826 0.000541800404512287 0.00266740451403166 0.000572617437023837 -9999 -9999 -9999 -9999 -9999 -9999 -9999 -9999 -9999 -9999 -9999 -9999 -9999 -9999 -9999 -9999 -9999 -9999 -9999 -9999 -9999 -9999 -9999 -9999 -9999
-9999 0.000117460697806407 1.25430493236323e-06 0.000418918411578232 0.00188306669596386 0.00128824436405239 0.00727978294209606 0.00462343471739587 0.00588996188758756 0.00457600354182432 0.00301602214341983 0.00612240960224881 0.00857381676527439 0.00884228258917574 0.00580065199059391 0.00348023265703887 0.00096707182746286 0.000780109039623653 4.16377611606795e-06 0.000300969686091372 0.00669554372638231 0.0109897570125759 0.0246171000914183 0.0205065938810731 0.0128556817621211 0.00349230327965415 0.000503586212751088 0.00538216491127969 0.00236533732659154 -9999 -9999 -9999 -9999 -9999 -9999 -9999 -9999 -9999 -9999 -9999 -9999 -9999 -9999 -9999 -9999 -9999 -9999 -9999 -9999 -9999 -9999 -9999 -9999 -9999
0.00128399959066883 0.000320754106006641 1.38742936100628e-06 0.000432261746391305 0.00202938809321495 0.00519002115994226 0.0112312959594419 0.00923819574956724 0.00598511936639625 0.00825394487917947 0.00899309649736097 0.00606531804551196 0.0117250849240736 0.00950965463296598 0.0125767421268392 0.0106779062187707 0.00503107750516392 0.00162791549541566 5.1905017495173e-05 0.00493004054437733 0.0164329374989029 0.0221117593919917 0.0221127624166547 0.021113233678625 0.00299455264874268 0.00443636318617791 0.00811156471514551 0.0137070970737841 0.00478441176745473 3.03845106696139e-07 9.29651541102658e-07 2.29129630042735e-05 -9999 -9999 -9999 -9999 -9999 -9999 -9999 -9999 -9999 -9999 -9999 -9999 -9999 -9999 -9999 -9999 -9999 -9999 -9999 -9999 -9999 -9999
0.00289564372117942 0.00119782276889456 0.000175115229875042 0.000255816896242322 0.00318338243043399 0.00394593430030284 0.00538372154661374 0.00370448786008637 0.00390060687332152 0.0102259238662555 0.0115375124038837 0.0111469324662539 0.0126977351410824 0.00924896118542165 0.0144417903201975 0.0138218719113502 0.0262273837611428 0.00480558090660054 0.000356773251318003 0.0126124541809259 0.0262250827404205 0.0336519057501573 0.0303514911973616 0.00731637095479527 0.0273700176880811 0.0425364504556637 0.0407425090530887 0.0284242628188804 0.0105170372030386 0.00186673167431531 0.00254858870721311 0.000124484767547675 0.000151402094087712 9.86461560614771e-06 -9999 -9999 -9999 -9999 -9999 -9999 -9999 -9999 -9999 -9999 -9999 -9999 -9999 -9999 -9999 -9999 -9999 -9999 -9999 -9999
-9999 5.60400820859286e-06 1.68250911012619e-06 0.000111462285572881 0.00144199024472528 0.00221575075625173 0.0019447656017519 0.00583228288717995 0.00190721110451825 0.00233608719849809 0.00194020256942167 0.00509503244924417 0.0090623930937727 0.0145195664768107 0.0165380967256715 0.0213433322653873 0.0231942594573775 0.0207893200114813 0.00820397840212593 0.00291236149249926 0.0462997178034857 0.0730458346795058 0.0313721100334078 0.0379886277747573 0.083334734531818 0.0880832811322762 0.0602959659136832 0.0634606815176085 0.0210586157746729 0.0135601101321663 0.0437726160915918 0.0325715213256262 0.00923935910366822 0.00145135425311745 0.000504723427831317 0.00047956414737298 0.000813403952633962 -9999 -9999 -9999 -9999 -9999 -9999 -9999 -9999 -9999 -9999 -9999 -9999 -9999 -9999 -9999 -9999 -9999
-9999 -9999 0.000166259303821587 5.60701190403689e-05 0.000185918376799195 0.000403681215926633 -9999 -9999 -9999 7.97872542957603e-06 7.24395020304943e-06 0.000246331677411589 0.00104264804990635 0.00268258194235386 0.00704551218543202 0.0228434291644953 0.0322502696500123 0.059372490143287 0.0288744738248351 0.0140449420631376 0.0820986719219945 0.151113351099775 0.132528334197123 0.06397541254526 0.146220451453701 0.160026248623617 0.145434337494371 0.106940268566832 0.0213765665813116 0.071654860781855 0.119637152894284 0.135999058787711 0.113026090624044 0.0395248014759272 0.0704636941498029 0.0633248237136649 0.00916854178778745 0.000649898055887273 0.00411164620891213 -9999 -9999 -9999 -9999 -9999 -9999 -9999 -9999 -9999 -9999 -9999 -9999 -9999 -9999 -9999
-9999 -9999 -9999 -9999 -9999 -9999 3.22716218114846e-10 1.25893330422489e-05 0.000142175526444115 0.000225955581126076 1.10538040783781e-05 5.38595459488933e-05 0.00447662937640416 0.0210445520725625 0.0242800868593622 0.034620183845982 0.0521534172998508 0.0778336920961738 0.039643052909305 0.023558317021525 0.0966483425156912 0.166950798786129 0.153185098359245 0.145735255223699 0.150625659957295 0.161434145988314 0.188126263719168 0.163412191413809 0.0269628158491105 0.161092084076372 0.195210674335249 0.192403765675845 0.209010900349822 0.152644916567951 0.0962844765753835 0.188016550855245 0.183152896709507 0.0600621648622473 0.00827803334686905 0.0069403680972755 -9999 -9999 -9999 -9999 -9999 -9999 -9999 -9999 -9999 -9999 -9999 -9999 -9999 -9999
-9999 -9999 -9999 -9999 -9999 -9999 -9999 2.62701613184081e-06 0.000234813333987667 0.00234286265502305 0.000526369794514494 0.00101349889800986 0.00735544684986962 0.040041217909602 0.0618858092231676 0.0547185643814737 0.0987654243779252 0.0884208725503413 0.0141805196805944 0.0120309373052078 0.108150301291607 0.196487103503605 0.280707227600506 0.219366841237061 0.216754876365885 0.12978087236901 0.176117958070245 0.108413985093066 0.066015722516313 0.169379087638808 0.193845157144824 0.270110490638763 0.249928176784888 0.351588022578508 0.179238528907299 0.194203764535487 0.260650041045155 0.193602102585137 0.0918905041710241 0.00479585619562513 0.0017739995854409 -9999 -9999 -9999 -9999 -9999 -9999 -9999 -9999 -9999 -9999 -9999 1.03819369248652e-06 7.44294040472811e-07
-9999 -9999 -9999 -9999 -9999 -9999 -9999 3.17187785370265e-07 0.000175470131831457 0.00299926964795304 0.00660170611674857 0.0111528513842495 0.00924227676863666 0.0429071680433117 0.0638895300935837 0.0678228099949774 0.0941044904523005 0.10340152858058 0.0515237574247294 0.00859315054691251 0.172596885913517 0.273090870238375 0.253825569502078 0.257977001641411 0.107754556695181 0.145675050131467 0.153882200610824 0.0744603560148971 0.135264979504282 0.191916333418339 0.249410561576951 0.284856270460878 0.243820108140353 0.31026223717723 0.356684898631647 0.323339161518961 0.168705308716744 0.124043068932369 0.0751355687610339 0.0680066558712861 0.0282532880065823 0.00359733644625962 -9999 -9999 -9999 0.00836816321437558 0.00631135273059564 0.00840351236984134 0.00486679736059159 -9999 -9999 0.000452077168108046 0.000259658126372599 3.84312238806928e-05
-9999 -9999 -9999 -9999 -9999 -9999 -9999 -9999 0.000139349334464089 0.003206458716204 0.0359011724682205 0.0266612124243693 0.0329141201585298 0.0290350364110782 0.0562808075469366 0.0752824646153022 0.0767664791154675 0.1271869845537 0.0291244612962328 0.0535834235326183 0.248397913216613 0.265337477815337 0.253249333599815 0.287802932227496 0.155665435106639 0.0586804672590006 0.112813655019563 0.0591340038567432 0.182995312646381 0.264281399850734 0.255729062061291 0.303138485683594 0.300249793453841 0.357151942816563 0.338606571736746 0.377208819673397 0.330870090769604 0.229046940831468 0.0602893157383005 0.0392900558734254 0.0718329411215382 0.0179874205269884 0.000474613936702636 0.00194720673533982 0.00414411112621066 0.0125578749856601 0.0168433759421477 0.0132209870970993 0.00816171077812702 0.00114711323566824 0.00027732973479195 0.00144552532817818 0.0033999113363825 0.00211827094646651
-9999 -9999 -9999 -9999 -9999 -9999 -9999 -9999 0.00149992353600688 0.00925691163627562 0.0417170783408801 0.0675747118867002 0.0627070944313891 0.071840425177943 0.0783325839084864 0.0904478057695087 0.0737469707251876 0.0895715400998597 0.0190023884926632 0.0790794949523843 0.269968260268215 0.282646233527921 0.373455240316689 0.313530676974915 0.310833811943885 0.203038607678609 0.0857118422038184 0.0783468707063003 0.137138516274281 0.167258395720273 0.226036832350655 0.188957303583156 0.173784975316958 0.363116971524432 0.332113949880004 0.323470486295409 0.330699781971052 0.177493576428969 0.0714039970107842 0.00466614139449121 0.0391452587454114 0.0404242592563969 0.00711080224347844 0.00304313121431685 0.0523115448944736 0.0728231089457404 0.0778308063419536 0.0785423899721354 0.0606631317455322 0.0152026168644079 0.00478468311735924 0.0297954015165305 0.0589131055795588 0.0289576471806504
-9999 -9999 -9999 -9999 -9999 -9999 -9999 -9999 0.000456725095123316 0.00835305441567911 0.0252040337855578 0.0565971592013375 0.120594974558917 0.0781313174197567 0.0795483737556788 0.0588825091748731 0.0683380022807978 0.0446895345736993 0.00486474508161336 0.0845395276410272 0.281326037172694 0.287519616228528 0.365219114897773 0.41734415064333 0.359008078230545 0.294983565350994 0.105978964554379 0.0435029728688096 0.0762023886601673 0.148814088924555 0.123579976552865 0.175473435083404 0.0734650165872881 0.190727984193363 0.217948102041846 0.194107597349212 0.285643074444961 0.227021439115051 0.0797994243644644 0.011246115377071 0.00746076476247254 0.047069680011773 0.00948398849668592 0.025514882975167 0.126011761776172 0.171353246009676 0.1854311952024 0.185209925337695 0.106205572434701 0.0216278462996706 0.0493792843585834 0.130190704925917 0.111583563933382 0.140133644945454
-9999 -9999 -9999 -9999 -9999 -9999 -9999 -9999 -9999 0.000273056015498532 0.0078859515102954 0.0509042898673215 0.130500955573225 0.116464539910376 0.103690067111747 0.06153853266238 0.0518481311027426 0.071127416731324 0.0318340787141915 0.0423498823285445 0.281644262643531 0.380789322261699 0.367454303400591 0.38246856980375 0.43187593350769 0.381986837275326 0.194274407529738 0.0395943035364689 0.0361684457472438 0.184227094986709 0.262656289013103 0.232207176629454 0.139060697114328 0.320020126365125 0.283285549446009 0.271843992029317 0.293318800516427 0.245150753057096 0.15283117473009 0.0339416340293246 0.0263255431115977 0.00785089918308586 0.0338861010997789 0.137571992126759 0.267501971656457 0.288564566462301 0.276919530152809 0.191104247830808 0.07486291151552 0.0366049176838715 0.133004822367802 0.2241488272266 0.265870507594664 0.199587380730081
-9999 -9999 -9999 -9999 -9999 -9999 -9999 -9999 -9999 2.81833781627938e-05 0.0061728420762203 0.0236256045791098 0.0797573505603941 0.057646112665243 0.111821994737547 0.142799242060864 0.0918590732011944 0.116770158077707 0.111961856662529 0.057575577426469 0.0622940421166277 0.14932272885475 0.330465147811919 0.400035524396226 0.455796450600028 0.363435900961049 0.299842603742727 0.210893420909997 0.0389263487425706 0.144049668831212 0.311617684492376 0.270911737766583 0.246100611600559 0.327486845143139 0.304664259296842 0.324118070807308 0.297067409176379 0.284752903990448 0.12781147849746 0.0687407941033598 0.10708936220035 0.0608204343821853 0.0759545855305623 0.16174256070517 0.224135082990397 0.19144651601091 0.140799894001102 0.148292504202109 0.125192662999616 0.117404703921056 0.290444551247638 0.276979019565042 0.261438438090263 0.226260719420388
-9999 -9999 -9999 -9999 -9999 -9999 -9999 -9999 -9999 -9999 -9999 0.000789860091329804 0.00653542157326658 0.0114685910939185 0.0980987363265012 0.176054049627855 0.147488576319884 0.185571266901679 0.266254845093936 0.301951652425341 0.192001064847864 0.0514853604802192 0.217321956874803 0.36927334043663 0.380693223308772 0.333746869575698 0.24714783168165 0.314727088192012 0.191811572345759 0.0468340651901235 0.204739695572061 0.289639980567154 0.384297470566817 0.310918109128252 0.377492662922014 0.311815434135497 0.396862418428063 0.434126533297822 0.236397525127977 0.351885706554167 0.398626577891409 0.270690630679019 0.258579443434719 0.390850409120321 0.38518537864089 0.399647718481719 0.319701466602273 0.310850401795469 0.184899431033409 0.194762024476659 0.363724730834365 0.310072349344846 0.301425088215619 0.240457881274633
-9999 -9999 -9999 -9999 -9999 -9999 -9999 -9999 -9999 -9999 -9999 -9999 -9999 0.0418648140901071 0.0596710563701913 0.181773950494826 0.164326873879181 0.217668987333309 0.282787772659212 0.449550857655704 0.400583910914138 0.137116174512776 0.0697695661173202 0.19509470502031 0.37992574601667 0.416243460131809 0.301109525132924 0.324370420030318 0.221144204311713 0.0451863216270067 0.151193520658417 0.35969490443822 0.315379290669225 0.347607931131497 0.391825279965997 0.378472036765888 0.282302488582209 0.329682189372834 0.434855664246716 0.440650829509832 0.431625598445535 0.419057715833187 0.4489793868782 0.43289367467165 0.44660530031193 0.411932783341035 0.407538201557472 0.309860075931065 0.270608245474286 0.237616749273147 0.249583490788937 0.311046239491552 0.261638164976612 0.089708881553961
-9999 -9999 -9999 -9999 -9999 -9999 -9999 -9999 -9999 -9999 -9999 -9999 -9999 0.0373409422380584 0.0351153970506371 0.157040952311363 0.117314266906469 0.296146419327706 0.265290659773164 0.384129512421787 0.38822767641861 0.234030210217461 0.0800368040683679 0.071724563902244 0.236294118340593 0.395424232580699 0.239481147354236 0.276529132183641 0.202621466754936 0.0358539414311053 0.129838435151178 0.316838056545239 0.42018528284505 0.442308686519973 0.329691944532096 0.44805031362921 0.46588805841282 0.329002139418153 0.488251264467835 0.464976768901106 0.483171061193571 0.521077689430676 0.537009484274313 0.362619298305362 0.518329907227308 0.386667570846621 0.347582921911962 0.329276796719059 0.362489755176939 0.385835887603462 0.228526646699756 0.197734043896198 0.139272642899305 0.0430642987415195
-9999 -9999 -9999 -9999 -9999 -9999 -9999 -9999 -9999 -9999 -9999 -9999 -9999 -9999 0.00578851168577026 0.110150307595031 0.129071605396166 0.202532309452072 0.356193243344314 0.397184373196214 0.411092466344126 0.295468039084226 0.216842367146164 0.175885719740763 0.180616213027388 0.208933767953422 0.157623958928743 0.0708006039397242 0.0200576709713459 0.0482457811181666 0.153067498325545 0.38331227672752 0.444666775367223 0.395178336810786 0.283690790222026 0.430218967851251 0.513966213874519 0.394620113372803 0.480362171959132 0.492731608999893 0.563877534195781 0.528589011076838 0.474997921683826 0.412997586550191 0.288446429825271 0.283607922284864 0.227706087359693 0.316411022394896 0.335075218542479 0.382397188972682 0.322809732500464 0.257970887627453 0.189895286438987 0.137820893621538
